3

-0.972351	3.808009	1.048308	-0.909678	-0.864940	0.274675
2.414599	0.530515	0.544665	-4.678700	-0.148688	-0.960806
0.362999	-1.717592	-0.149809	-6.408006	-0.656196	0.869206
3.510540	1.145676	-0.134949	-1.180777	1.018519	0.431801
-2.858099	-1.743016	-0.136284	5.944889	0.668071	1.124136
-2.297194	3.203441	-0.443869	4.158626	0.207389	-0.992622
-4.518502	-5.022972	-0.911010	-0.787348	-0.130517	0.286188
-3.498705	-0.720234	-0.421202	-4.919664	-1.282629	-0.554163
4.049977	6.489140	4.314533	2.154367	1.483903	0.129502
-1.656109	2.005133	0.211049	0.844368	-0.337597	0.082566
0.158809	6.044878	0.206654	1.624507	0.052946	-0.259162
4.133739	-3.225762	-0.442135	-0.462170	-0.485648	0.083520
0.691286	-1.482135	-0.960713	-0.060054	-0.070769	-0.163296
4.265914	-1.383248	-2.666068	0.704937	0.148050	-0.893178
4.159768	0.728112	1.991431	1.406731	0.099658	-0.488959
-4.756901	-0.628520	3.798629	-0.153287	-0.017359	0.442782
2.759975	-0.855959	0.903937	1.535150	0.720545	0.334906
0.699761	-0.396664	-0.857295	-1.389672	-1.022791	-0.524342
5.136411	-4.194869	0.677182	1.911425	0.115200	-0.457089
-2.640716	-0.915399	0.071014	0.094068	0.047742	0.200686
-1.694109	2.809560	0.619951	0.179873	-0.156374	1.038618

-14.217321	-11.743674	4.255119	-0.827662	2.105493	-2.305508

logsig

-9.830907	-1.904189	-5.741965	-1.471193
-2.976944	0.660359	-8.154072	5.528334
6.309292	0.970305	6.282772	-5.018826
-8.434128	3.309553	-6.094933	2.420649
6.472585	-6.051292	6.399767	-9.814326
-10.076217	-5.450950	-6.467664	1.246338

-6.745126	2.870809	-7.424477	11.011256

tansig

0.463544	-0.463544
-0.043750	0.043750
-0.464871	0.464871
-0.430877	0.430877

0.490493	0.509507

purelin

