xStart	yStart	Y	InitPos=0
1	0.000000	1.000000
342	0.980866	434.000000
851	1.457351	935.000000
993	1.167286	1115.000000
994	1.148132	1120.000000
999	1.131290	1124.000000
1003	1.111319	1130.000000
1009	1.095032	1134.000000
1013	1.075014	1139.000000
1018	1.055677	1144.000000
1023	1.040096	1149.000000
1028	1.020141	1155.000000
1034	1.002351	1160.000000
1039	0.985271	1165.000000
1044	0.966846	1172.000000
1051	0.951999	1178.000000
1057	0.931358	1189.000000
1068	0.908618	1205.000000
1121	0.908841	1223.000000
1713	1.169587	1806.000000
2225	1.639102	2322.000000
2433	1.434899	2555.000000
2434	1.418235	2559.000000
2438	1.399453	2563.000000
2442	1.381183	2567.000000
2446	1.362551	2571.000000
2450	1.345331	2575.000000
2454	1.329010	2578.000000
2457	1.309953	2583.000000
2462	1.289674	2588.000000
2467	1.272027	2592.000000
2471	1.253283	2597.000000
2476	1.235368	2601.000000
2480	1.215560	2606.000000
2485	1.195777	2611.000000
2490	1.175792	2617.000000
2496	1.157214	2623.000000
2502	1.137607	2629.000000
2508	1.119187	2635.000000
2514	1.100946	2641.000000
2520	1.083040	2649.000000
2528	1.068320	2658.000000
2537	1.044181	2681.000000
2596	1.044683	2698.000000
2860	1.025197	3005.000000
2975	1.020432	3050.000000
3429	1.342834	3526.000000
3978	1.342456	4102.000000
3981	1.324794	4105.000000
3984	1.305826	4108.000000
3987	1.287415	4111.000000
3990	1.269227	4114.000000
3993	1.252011	4117.000000
3996	1.235572	4120.000000
3999	1.218050	4123.000000
4002	1.200886	4126.000000
4005	1.183954	4129.000000
4008	1.168302	4132.000000
4011	1.152483	4135.000000
4014	1.133090	4139.000000
4018	1.114474	4143.000000
4022	1.095387	4147.000000
4026	1.077516	4151.000000
4030	1.060662	4155.000000
4034	1.041652	4160.000000
4039	1.023133	4165.000000
4044	1.003193	4171.000000
4050	0.983448	4178.000000
4057	0.963829	4186.000000
4065	0.945078	4196.000000
4075	0.923081	4216.000000
4095	0.910367	4334.000000
4213	0.892657	4350.000000
4229	0.873467	4365.000000
4244	0.852206	4378.000000
4257	0.832316	4391.000000
4270	0.813859	4402.000000
4281	0.796357	4413.000000
4292	0.775722	4428.000000
4307	0.755012	4446.000000
4325	0.733300	4471.000000
4432	0.730749	4511.000000
4586	0.604732	4718.000000
4597	0.585257	4736.000000
4674	0.575980	4765.000000
5570	1.183835	5668.000000
5846	1.172706	5972.000000
5851	1.152825	5977.000000
5856	1.133835	5982.000000
5861	1.115829	5987.000000
5866	1.097438	5992.000000
5871	1.078687	5997.000000
5876	1.060766	6002.000000
5881	1.043335	6007.000000
5886	1.022814	6013.000000
5892	1.005787	6018.000000
5897	0.987602	6023.000000
5902	0.967831	6031.000000
5910	0.948373	6037.000000
5916	0.929730	6043.000000
5922	0.910328	6050.000000
5929	0.890360	6058.000000
5937	0.871486	6066.000000
5945	0.850909	6078.000000
5957	0.831205	6087.000000
5966	0.809904	6102.000000
5981	0.788029	6127.000000
6061	0.786547	6154.000000
6293	0.730089	6417.000000
6296	0.727875	6494.000000
6373	0.717640	6494.000000
6835	0.712156	6975.000000
6854	0.690242	7000.000000
6934	0.689745	7027.000000
7461	0.718515	7544.000000
8031	1.032892	8140.000000
8453	1.027322	8577.000000
8456	1.010353	8580.000000
8459	0.992539	8584.000000
8463	0.974312	8588.000000
8467	0.953366	8594.000000
8473	0.933065	8600.000000
8479	0.913031	8608.000000
8487	0.893098	8617.000000
8496	0.874556	8625.000000
8504	0.850944	8645.000000
8588	0.846374	8676.000000
9264	0.859270	9342.000000
9873	1.357042	9981.000000
10330	2.220415	10435.000000
10634	2.415560	10739.000000
10872	1.986702	10994.000000
10873	1.967369	10996.000000
10875	1.957056	10997.000000
10876	1.946690	10998.000000
10877	1.926619	11000.000000
10879	1.916586	11001.000000
10880	1.897259	11003.000000
10882	1.878274	11005.000000
10884	1.858860	11007.000000
10886	1.839872	11009.000000
10888	1.821287	11011.000000
10890	1.803808	11013.000000
10892	1.786076	11015.000000
10894	1.766873	11017.000000
10896	1.749476	11019.000000
10898	1.731244	11021.000000
10900	1.713881	11023.000000
10902	1.696141	11025.000000
10904	1.679402	11027.000000
10906	1.662653	11029.000000
10908	1.646571	11031.000000
10910	1.630748	11033.000000
10912	1.614542	11035.000000
10914	1.598794	11037.000000
10916	1.583889	11039.000000
10918	1.568826	11041.000000
10920	1.553353	11043.000000
10922	1.537847	11045.000000
10924	1.521811	11047.000000
10926	1.505217	11049.000000
10928	1.486261	11052.000000
10931	1.472021	11054.000000
10933	1.457800	11056.000000
10935	1.438628	11059.000000
10938	1.425196	11061.000000
10940	1.411556	11063.000000
10942	1.393743	11066.000000
10945	1.377911	11069.000000
10948	1.360841	11072.000000
10951	1.344784	11075.000000
10954	1.328654	11078.000000
10957	1.313052	11081.000000
10960	1.295630	11085.000000
10964	1.279255	11088.000000
10967	1.260255	11092.000000
10971	1.241874	11096.000000
10975	1.224746	11100.000000
10979	1.205301	11105.000000
10984	1.185998	11110.000000
10989	1.164856	11118.000000
10997	1.144889	11125.000000
11004	1.124616	11134.000000
11013	1.106155	11143.000000
11022	1.085794	11153.000000
11077	1.081815	11175.000000
11614	1.499516	11722.000000
11977	1.493157	12104.000000
11983	1.471624	12112.000000
11991	1.451855	12123.000000
12024	1.454012	12133.000000
12724	1.529709	12838.000000
13087	1.512561	13209.000000
13088	1.492726	13210.000000
13089	1.472330	13211.000000
13090	1.451851	13212.000000
13091	1.432016	13213.000000
13092	1.413310	13214.000000
13093	1.395611	13215.000000
13094	1.378218	13216.000000
13095	1.360258	13217.000000
13096	1.341217	13218.000000
13097	1.321221	13219.000000
13098	1.300917	13220.000000
13099	1.281051	13221.000000
13100	1.263542	13222.000000
13101	1.246086	13223.000000
13102	1.228386	13224.000000
13103	1.210775	13225.000000
13104	1.193345	13226.000000
13105	1.175970	13227.000000
13106	1.158492	13228.000000
13107	1.140906	13229.000000
13108	1.123384	13230.000000
13109	1.106145	13231.000000
13110	1.089298	13232.000000
13111	1.072784	13233.000000
13112	1.056459	13234.000000
13113	1.040225	13235.000000
13114	1.024098	13236.000000
13115	1.008157	13237.000000
13116	0.992438	13238.000000
13117	0.976881	13239.000000
13118	0.961375	13240.000000
13119	0.945873	13241.000000
13120	0.930457	13242.000000
13121	0.915286	13243.000000
13122	0.900463	13244.000000
13123	0.885920	13245.000000
13124	0.871442	13246.000000
13125	0.856807	13247.000000
13126	0.841947	13248.000000
13127	0.827006	13249.000000
13128	0.812233	13250.000000
13129	0.797801	13251.000000
13130	0.783695	13252.000000
13131	0.769746	13253.000000
13132	0.755818	13254.000000
13133	0.741958	13255.000000
13134	0.728422	13256.000000
13135	0.715492	13257.000000
13136	0.703237	13258.000000
13137	0.691362	13259.000000
13138	0.679289	13260.000000
13139	0.666442	13261.000000
13140	0.652561	13262.000000
13141	0.637874	13263.000000
13142	0.623018	13264.000000
13143	0.608742	13265.000000
13144	0.595590	13266.000000
13145	0.583688	13267.000000
13146	0.572752	13268.000000
13147	0.562278	13269.000000
13148	0.551786	13270.000000
13149	0.541007	13271.000000
13150	0.530080	13272.000000
13151	0.511599	13274.000000
13153	0.492945	13276.000000
13155	0.473726	13278.000000
13157	0.453982	13280.000000
13159	0.443839	13281.000000
13160	0.433550	13282.000000
13161	0.423265	13283.000000
13162	0.413206	13284.000000
13163	0.395654	13286.000000
13165	0.379645	13288.000000
13167	0.363442	13290.000000
13169	0.346933	13292.000000
13171	0.331437	13295.000000
13174	0.313217	13298.000000
13177	0.296685	13300.000000
13179	0.279360	13302.000000
13181	0.262825	13304.000000
13183	0.247308	13306.000000
13185	0.228404	13309.000000
13188	0.208323	13313.000000
13192	0.189882	13316.000000
13195	0.170436	13320.000000
13199	0.149724	13326.000000
13205	0.130506	13331.000000
13210	0.111555	13338.000000
13217	0.091528	13346.000000
13225	0.072466	13353.000000
13232	0.052864	13364.000000
13243	0.030864	13391.000000
13270	0.019244	13513.000000
13513	0.019243	13635.000000
13635	0.019243	13757.000000
62747	1.794991	62853.000000
63115	1.791199	63237.000000
63116	1.779622	63238.000000
63117	1.767971	63239.000000
63118	1.756430	63240.000000
63119	1.745079	63241.000000
63120	1.733857	63242.000000
63121	1.722623	63243.000000
63122	1.711255	63244.000000
63123	1.699723	63245.000000
63124	1.688084	63246.000000
63125	1.676429	63247.000000
63126	1.664828	63248.000000
63127	1.653316	63249.000000
63128	1.641909	63250.000000
63129	1.630627	63251.000000
63130	1.619483	63252.000000
63131	1.608458	63253.000000
63132	1.597488	63254.000000
63133	1.586480	63255.000000
63134	1.575360	63256.000000
63135	1.564118	63257.000000
63136	1.552802	63258.000000
63137	1.541479	63259.000000
63138	1.530189	63260.000000
63139	1.518923	63261.000000
63140	1.507658	63262.000000
63141	1.496395	63263.000000
63142	1.485174	63264.000000
63143	1.474046	63265.000000
63144	1.463019	63266.000000
63145	1.452042	63267.000000
63146	1.441036	63268.000000
63147	1.429969	63269.000000
63148	1.418900	63270.000000
63149	1.407955	63271.000000
63150	1.397242	63272.000000
63151	1.386750	63273.000000
63152	1.376328	63274.000000
63153	1.365757	63275.000000
63154	1.354871	63276.000000
63155	1.343660	63277.000000
63156	1.332261	63278.000000
63157	1.320870	63279.000000
63158	1.309613	63280.000000
63159	1.298492	63281.000000
63160	1.287429	63282.000000
63161	1.276352	63283.000000
63162	1.265265	63284.000000
63163	1.254249	63285.000000
63164	1.243372	63286.000000
63165	1.232605	63287.000000
63166	1.221798	63288.000000
63167	1.210757	63289.000000
63168	1.199360	63290.000000
63169	1.187639	63291.000000
63170	1.175776	63292.000000
63171	1.164008	63293.000000
63172	1.146593	63295.000000
63174	1.128574	63297.000000
63176	1.109514	63299.000000
63178	1.089440	63301.000000
63180	1.079145	63302.000000
63181	1.068801	63303.000000
63182	1.058480	63304.000000
63183	1.048217	63305.000000
63184	1.038021	63306.000000
63185	1.027892	63307.000000
63186	1.017823	63308.000000
63187	1.007781	63309.000000
63188	0.997700	63310.000000
63189	0.987505	63311.000000
63190	0.977175	63312.000000
63191	0.966795	63313.000000
63192	0.956548	63314.000000
63193	0.937145	63316.000000
63195	0.918902	63318.000000
63197	0.899988	63320.000000
63199	0.880349	63322.000000
63201	0.862045	63324.000000
63203	0.845235	63326.000000
63205	0.828101	63328.000000
63207	0.810563	63330.000000
63209	0.793638	63332.000000
63211	0.776903	63334.000000
63213	0.759661	63336.000000
63215	0.742539	63338.000000
63217	0.725896	63340.000000
63219	0.709163	63342.000000
63221	0.692558	63344.000000
63223	0.677269	63346.000000
63225	0.661713	63348.000000
63227	0.645905	63350.000000
63229	0.629922	63352.000000
63231	0.614177	63354.000000
63233	0.599072	63356.000000
63235	0.584743	63358.000000
63237	0.569953	63360.000000
63239	0.555058	63362.000000
63241	0.541683	63364.000000
63243	0.527841	63366.000000
63245	0.514067	63368.000000
63247	0.500478	63370.000000
63249	0.487019	63372.000000
63251	0.467277	63375.000000
63254	0.453816	63377.000000
63256	0.434170	63380.000000
63259	0.415430	63383.000000
63262	0.396614	63386.000000
63265	0.380176	63389.000000
63268	0.362932	63392.000000
63271	0.341791	63397.000000
63276	0.328109	63399.000000
63278	0.310847	63403.000000
63282	0.292051	63407.000000
63286	0.274414	63411.000000
63290	0.254902	63416.000000
63295	0.237043	63422.000000
63301	0.216755	63431.000000
63310	0.191863	63447.000000
63353	0.190159	63460.000000
63782	1.028616	63880.000000
64093	1.261051	64196.000000
64652	1.567431	64755.000000
64912	1.488453	65035.000000
64914	1.470107	65039.000000
64918	1.450535	65043.000000
64922	1.430880	65047.000000
64926	1.413380	65051.000000
64930	1.395399	65055.000000
64934	1.378822	65059.000000
64938	1.360997	65063.000000
64942	1.341283	65068.000000
64947	1.321597	65073.000000
64952	1.304595	65077.000000
64956	1.287847	65081.000000
64960	1.270357	65085.000000
64964	1.252531	65091.000000
64970	1.234850	65095.000000
64974	1.215674	65100.000000
64979	1.195757	65106.000000
64985	1.177643	65112.000000
64991	1.158233	65119.000000
64998	1.139850	65126.000000
65005	1.120198	65133.000000
65012	1.101253	65140.000000
65019	1.082091	65149.000000
65028	1.063454	65159.000000
65038	1.040478	65173.000000
65052	1.019307	65184.000000
65063	0.995782	65203.000000
65082	0.974743	65228.000000
65107	0.949267	65274.000000
65240	0.947332	65317.000000
65790	1.008541	65892.000000
66238	1.164314	66315.000000
66863	1.270138	66971.000000
67148	1.256062	67275.000000
67154	1.237655	67283.000000
67162	1.217936	67290.000000
67169	1.196745	67301.000000
67180	1.178079	67311.000000
67190	1.154153	67331.000000
67210	1.152321	67411.000000
67290	1.142307	67411.000000
67815	1.313203	67913.000000
68495	1.303599	68618.000000
68497	1.289369	68620.000000
68499	1.275124	68622.000000
68501	1.255320	68625.000000
68504	1.235783	68628.000000
68507	1.222365	68630.000000
68509	1.208352	68632.000000
68511	1.194767	68634.000000
68513	1.175686	68637.000000
68516	1.159252	68640.000000
68519	1.141576	68643.000000
68522	1.125058	68646.000000
68525	1.108323	68649.000000
68528	1.091386	68652.000000
68531	1.075857	68655.000000
68534	1.060519	68658.000000
68537	1.040633	68662.000000
68541	1.025496	68665.000000
68544	1.005569	68669.000000
68548	0.986175	68673.000000
68552	0.968586	68677.000000
68556	0.951234	68681.000000
68560	0.935849	68684.000000
68563	0.914033	68690.000000
68569	0.894836	68695.000000
68574	0.876427	68700.000000
68579	0.858249	68705.000000
68584	0.840335	68710.000000
68589	0.821188	68717.000000
68596	0.802763	68724.000000
68603	0.782388	68733.000000
68612	0.763051	68741.000000
68620	0.745032	68750.000000
68629	0.727277	68758.000000
68637	0.707996	68770.000000
68649	0.688173	68783.000000
68662	0.666606	68799.000000
68678	0.648342	68813.000000
68692	0.627710	68834.000000
68713	0.606545	68860.000000
68798	0.597938	68889.000000
69282	0.808213	69378.000000
69480	0.597494	69605.000000
69484	0.580140	69609.000000
69488	0.563118	69613.000000
69492	0.545120	69617.000000
69496	0.528507	69621.000000
69500	0.510963	69625.000000
69504	0.491317	69629.000000
69508	0.472503	69633.000000
69512	0.454890	69637.000000
69516	0.437892	69641.000000
69520	0.419568	69645.000000
69524	0.402100	69649.000000
69528	0.384000	69653.000000
69532	0.367732	69657.000000
69536	0.350392	69661.000000
69540	0.333296	69665.000000
69544	0.316206	69669.000000
69548	0.296319	69674.000000
69553	0.277646	69679.000000
69558	0.258482	69684.000000
69563	0.240154	69689.000000
69568	0.222582	69694.000000
69573	0.205848	69699.000000
69578	0.186901	69705.000000
69584	0.168835	69711.000000
69590	0.149747	69718.000000
69597	0.131034	69725.000000
69604	0.111749	69733.000000
69612	0.093064	69742.000000
69621	0.074508	69753.000000
69632	0.053330	69769.000000
69648	0.029083	69799.000000
69678	0.014167	69921.000000
69921	0.014162	70043.000000
70043	0.014162	70165.000000
81377	0.561871	81472.000000
82175	1.393593	82273.000000
82737	2.248333	82846.000000
83081	2.237003	83203.000000
83082	2.219665	83204.000000
83083	2.202640	83205.000000
83084	2.185933	83206.000000
83085	2.169378	83207.000000
83086	2.152767	83208.000000
83087	2.136022	83209.000000
83088	2.119247	83210.000000
83089	2.102640	83211.000000
83090	2.086325	83212.000000
83091	2.070241	83213.000000
83092	2.054187	83214.000000
83093	2.037978	83215.000000
83094	2.021603	83216.000000
83095	2.005252	83217.000000
83096	1.989193	83218.000000
83097	1.973587	83219.000000
83098	1.958381	83220.000000
83099	1.943347	83221.000000
83100	1.928244	83222.000000
83101	1.912963	83223.000000
83102	1.897571	83224.000000
83103	1.882225	83225.000000
83104	1.867204	83226.000000
83105	1.852532	83227.000000
83106	1.837742	83228.000000
83107	1.822869	83229.000000
83108	1.808078	83230.000000
83109	1.793561	83231.000000
83110	1.779635	83232.000000
83111	1.766143	83233.000000
83112	1.752969	83234.000000
83113	1.739932	83235.000000
83114	1.726896	83236.000000
83115	1.713827	83237.000000
83116	1.700781	83238.000000
83117	1.687836	83239.000000
83118	1.675030	83240.000000
83119	1.662353	83241.000000
83120	1.649777	83242.000000
83121	1.637286	83243.000000
83122	1.624884	83244.000000
83123	1.612572	83245.000000
83124	1.600327	83246.000000
83125	1.588118	83247.000000
83126	1.575944	83248.000000
83127	1.564538	83249.000000
83128	1.553574	83250.000000
83129	1.542871	83251.000000
83130	1.532269	83252.000000
83131	1.521605	83253.000000
83132	1.510819	83254.000000
83133	1.500015	83255.000000
83134	1.489403	83256.000000
83135	1.479158	83257.000000
83136	1.459582	83259.000000
83138	1.439855	83261.000000
83140	1.429754	83262.000000
83141	1.410137	83264.000000
83143	1.392105	83266.000000
83145	1.374408	83268.000000
83147	1.356030	83270.000000
83149	1.337097	83273.000000
83152	1.317873	83276.000000
83155	1.302833	83278.000000
83157	1.287395	83280.000000
83159	1.273017	83282.000000
83161	1.259132	83284.000000
83163	1.245438	83286.000000
83165	1.227465	83289.000000
83168	1.209990	83292.000000
83171	1.191122	83295.000000
83174	1.173224	83299.000000
83178	1.154558	83304.000000
83183	1.132275	83313.000000
83192	1.112215	83321.000000
83200	1.092222	83332.000000
83211	1.085838	83434.000000
83313	1.075197	83434.000000
83706	1.071147	83831.000000
83710	1.053788	83835.000000
83714	1.035816	83839.000000
83718	1.020116	83843.000000
83722	1.001645	83847.000000
83726	0.984325	83851.000000
83730	0.964291	83857.000000
83736	0.947585	83863.000000
83742	0.930388	83868.000000
83747	0.912418	83876.000000
83755	0.894536	83889.000000
83768	0.893557	83925.000000
83804	0.882917	83925.000000
84158	1.102213	84259.000000
84446	1.094133	84573.000000
84452	1.073049	84580.000000
84459	1.054981	84585.000000
84464	1.037374	84591.000000
84470	1.018812	84597.000000
84476	0.997545	84605.000000
84484	0.974056	84612.000000
84491	0.955778	84619.000000
84498	0.937592	84626.000000
84505	0.917488	84634.000000
84513	0.897444	84642.000000
84521	0.877548	84651.000000
84530	0.858587	84660.000000
84539	0.840602	84668.000000
84547	0.822495	84677.000000
84556	0.803133	84690.000000
84569	0.782206	84705.000000
84584	0.780910	84780.000000
84659	0.770409	84780.000000
85289	0.761452	85421.000000
85300	0.739971	85440.000000
85375	0.739649	85467.000000
85638	0.692481	85764.000000
85643	0.673272	85772.000000
85651	0.653447	85781.000000
85660	0.634232	85790.000000
85669	0.614862	85800.000000
85679	0.594626	85813.000000
85692	0.573221	85830.000000
85709	0.570561	85905.000000
85784	0.559853	85905.000000
86257	0.686387	86366.000000
86454	0.543966	86589.000000
86468	0.525006	86605.000000
86484	0.505105	86624.000000
86503	0.484029	86648.000000
86527	0.481899	86728.000000
86607	0.471818	86728.000000
87225	0.754816	87300.000000
87451	0.721047	87579.000000
87458	0.701383	87599.000000
87478	0.698030	87692.000000
87571	0.687780	87692.000000
88203	1.247655	88298.000000
88597	1.241244	88726.000000
88605	1.222003	88739.000000
88649	1.221130	88754.000000
89209	1.422252	89310.000000
89723	1.666337	89821.000000
89959	1.549322	90082.000000
89961	1.532686	90087.000000
89966	1.514453	90094.000000
89973	1.496295	90102.000000
89981	1.478369	90109.000000
89988	1.460306	90117.000000
89996	1.437281	90130.000000
90009	1.419141	90141.000000
90020	1.399311	90154.000000
90033	1.377617	90174.000000
90053	1.357702	90203.000000
90156	1.348556	90239.000000
90564	1.341051	90688.000000
90567	1.321597	90692.000000
90571	1.304053	90696.000000
90575	1.286497	90700.000000
90579	1.266464	90705.000000
90584	1.247915	90710.000000
90589	1.229282	90714.000000
90593	1.212576	90718.000000
90597	1.193954	90724.000000
90603	1.175145	90731.000000
90610	1.157288	90739.000000
90618	1.139574	90749.000000
90668	1.131942	90768.000000
90968	1.506848	91060.000000
91551	1.911375	91658.000000
92112	1.910719	92236.000000
92115	1.890621	92240.000000
92119	1.873698	92243.000000
92122	1.853453	92247.000000
92126	1.837508	92250.000000
92129	1.818679	92254.000000
92133	1.801697	92257.000000
92136	1.786074	92260.000000
92139	1.766205	92264.000000
92143	1.746906	92268.000000
92147	1.728648	92272.000000
92151	1.709673	92276.000000
92155	1.690392	92280.000000
92159	1.671123	92285.000000
92164	1.652371	92290.000000
92169	1.634407	92295.000000
92174	1.615449	92302.000000
92181	1.598468	92308.000000
92187	1.577742	92317.000000
92196	1.554002	92330.000000
92209	1.536045	92341.000000
92266	1.534626	92363.000000
92481	1.335106	92604.000000
92483	1.316476	92610.000000
92489	1.299091	92616.000000
92495	1.281793	92622.000000
92501	1.262713	92630.000000
92509	1.244300	92637.000000
92516	1.226798	92644.000000
92523	1.206905	92655.000000
92534	1.185935	92666.000000
92545	1.167269	92678.000000
92557	1.147530	92701.000000
92644	1.144028	92732.000000
93431	1.184266	93537.000000
93829	1.161557	93973.000000
93852	1.155069	94054.000000
93933	1.144484	94054.000000
94588	1.444766	94692.000000
95015	1.440510	95138.000000
95017	1.426181	95140.000000
95019	1.411989	95142.000000
95021	1.398208	95144.000000
95023	1.384213	95146.000000
95025	1.364638	95149.000000
95028	1.350145	95151.000000
95030	1.330343	95156.000000
95035	1.312413	95159.000000
95038	1.294384	95162.000000
95041	1.278096	95165.000000
95044	1.261691	95168.000000
95047	1.243798	95171.000000
95050	1.216864	95183.000000
95062	1.210727	95225.000000
95104	1.200477	95225.000000
95439	1.199067	95565.000000
95444	1.181588	95569.000000
95448	1.161471	95574.000000
95453	1.144756	95578.000000
95457	1.127631	95582.000000
95461	1.111083	95586.000000
95465	1.092661	95591.000000
95470	1.075151	95596.000000
95475	1.057771	95601.000000
95480	1.038986	95607.000000
95486	1.019462	95613.000000
95492	1.000095	95620.000000
95499	0.977940	95631.000000
95510	0.959930	95640.000000
95519	0.959795	95680.000000
95559	0.949779	95680.000000
96056	1.290102	96165.000000
96678	1.991779	96769.000000
96940	1.833548	97062.000000
96941	1.816224	97065.000000
96944	1.799113	97068.000000
96947	1.780162	97071.000000
96950	1.762558	97074.000000
96953	1.746138	97077.000000
96956	1.729811	97080.000000
96959	1.714618	97083.000000
96962	1.698278	97086.000000
96965	1.678203	97090.000000
96969	1.661590	97093.000000
96972	1.644545	97096.000000
96975	1.627703	97099.000000
96978	1.610396	97102.000000
96981	1.595176	97105.000000
96984	1.578883	97108.000000
96987	1.562674	97111.000000
96990	1.543787	97115.000000
96994	1.525919	97119.000000
96998	1.509772	97123.000000
97002	1.490993	97128.000000
97007	1.472771	97132.000000
97011	1.451904	97139.000000
97018	1.433694	97145.000000
97024	1.413476	97153.000000
97032	1.390134	97170.000000
97076	1.393627	97183.000000
97602	1.389148	97726.000000
97605	1.370203	97730.000000
97609	1.354782	97733.000000
97612	1.339167	97736.000000
97615	1.318666	97741.000000
97620	1.301901	97745.000000
97624	1.283705	97750.000000
97629	1.264008	97755.000000
97634	1.247800	97759.000000
97638	1.230490	97764.000000
97643	1.212987	97769.000000
97648	1.195659	97774.000000
97653	1.177029	97780.000000
97659	1.157375	97787.000000
97666	1.138685	97794.000000
97673	1.118514	97802.000000
97681	1.100578	97809.000000
97688	1.081532	97816.000000
97695	1.064328	97822.000000
97701	1.044888	97829.000000
97708	1.026024	97838.000000
97717	1.007173	97846.000000
97725	0.988898	97854.000000
97733	0.969780	97862.000000
97741	0.950902	97871.000000
97750	0.931496	97880.000000
97759	0.911334	97889.000000
97768	0.891745	97899.000000
97778	0.870845	97910.000000
97789	0.851400	97922.000000
97801	0.832592	97932.000000
97811	0.814491	97945.000000
97824	0.792792	97968.000000
97903	0.788662	97995.000000
98265	0.968724	98361.000000
98838	0.957001	98974.000000
98853	0.937066	98989.000000
98868	0.916850	99013.000000
98980	0.907763	99056.000000
99703	2.046261	99803.000000
99909	1.798125	100033.000000
99912	1.782013	100036.000000
99915	1.766298	100039.000000
99918	1.750614	100042.000000
99921	1.734364	100045.000000
99924	1.718216	100048.000000
99927	1.699521	100051.000000
99930	1.682082	100054.000000
99933	1.662819	100057.000000
99936	1.644085	100060.000000
99939	1.625451	100064.000000
99943	1.607764	100067.000000
99946	1.591655	100070.000000
99949	1.573021	100073.000000
99952	1.555177	100076.000000
99955	1.537614	100079.000000
99958	1.519574	100082.000000
99961	1.502030	100085.000000
99964	1.484512	100088.000000
99967	1.466031	100091.000000
99970	1.447295	100094.000000
99973	1.430543	100097.000000
99976	1.413360	100100.000000
99979	1.395766	100103.000000
99982	1.378928	100106.000000
99985	1.361916	100109.000000
99988	1.345084	100112.000000
99991	1.329086	100115.000000
99994	1.312633	100118.000000
99997	1.296363	100121.000000
100000	1.279936	100124.000000
100003	1.260185	100128.000000
100007	1.244305	100131.000000
100010	1.228090	100134.000000
100013	1.212717	100137.000000
100016	1.193896	100141.000000
100020	1.173963	100145.000000
100024	1.156190	100149.000000
100028	1.139700	100153.000000
100032	1.122370	100157.000000
100036	1.105937	100161.000000
100040	1.086542	100166.000000
100045	1.069043	100171.000000
100050	1.050878	100176.000000
100055	1.031132	100183.000000
100062	1.010677	100192.000000
100071	0.992850	100200.000000
100079	0.973738	100210.000000
100089	0.967701	100276.000000
100155	0.957162	100276.000000
100709	1.407777	100816.000000
101109	1.395104	101232.000000
101111	1.378981	101234.000000
101113	1.363314	101236.000000
101115	1.347798	101238.000000
101117	1.332876	101240.000000
101119	1.318270	101242.000000
101121	1.304012	101244.000000
101123	1.289962	101246.000000
101125	1.275614	101248.000000
101127	1.261853	101250.000000
101129	1.241967	101253.000000
101132	1.228554	101255.000000
101134	1.212456	101258.000000
101137	1.197030	101261.000000
101140	1.178063	101265.000000
101144	1.161854	101268.000000
101147	1.141747	101272.000000
101151	1.125003	101275.000000
101154	1.109475	101278.000000
101157	1.092466	101282.000000
101161	1.075615	101286.000000
101165	1.055333	101291.000000
101170	1.037955	101295.000000
101174	1.019755	101303.000000
101182	1.001206	101310.000000
101189	0.981727	101318.000000
101197	0.960669	101327.000000
101206	0.941043	101342.000000
101279	0.931939	101370.000000
102279	1.383902	102375.000000
102474	1.213864	102596.000000
102475	1.194733	102601.000000
102480	1.178888	102605.000000
102484	1.160033	102610.000000
102489	1.141625	102615.000000
102494	1.123563	102620.000000
102499	1.108025	102624.000000
102503	1.085204	102634.000000
102513	1.066124	102638.000000
102517	1.047429	102644.000000
102523	1.027216	102653.000000
102532	1.007169	102660.000000
102539	0.986899	102670.000000
102549	0.963765	102694.000000
102604	0.963533	102709.000000
103233	2.121005	103326.000000
103415	1.788121	103539.000000
103418	1.771947	103542.000000
103421	1.755260	103545.000000
103424	1.741726	103547.000000
103426	1.725932	103550.000000
103429	1.705791	103553.000000
103432	1.688569	103556.000000
103435	1.673442	103559.000000
103438	1.656633	103562.000000
103441	1.637941	103565.000000
103444	1.623805	103567.000000
103446	1.604657	103570.000000
103449	1.585444	103574.000000
103453	1.572048	103576.000000
103455	1.553933	103579.000000
103458	1.535961	103583.000000
103462	1.520668	103585.000000
103464	1.506863	103587.000000
103466	1.491911	103590.000000
103469	1.473886	103593.000000
103472	1.458213	103599.000000
103478	1.443494	103601.000000
103480	1.426760	103604.000000
103483	1.407232	103609.000000
103488	1.389159	103613.000000
103492	1.370437	103618.000000
103497	1.352800	103623.000000
103502	1.335013	103628.000000
103507	1.315442	103637.000000
103516	1.296466	103647.000000
103556	1.298045	103661.000000
104008	1.398552	104107.000000
104260	1.338606	104385.000000
104264	1.319872	104391.000000
104270	1.302098	104397.000000
104276	1.284055	104404.000000
104283	1.264526	104413.000000
104292	1.246431	104421.000000
104300	1.230760	104431.000000
104310	1.211501	104450.000000
104366	1.211224	104468.000000
104890	1.721598	105001.000000
105152	1.839887	105222.000000
105431	1.822005	105561.000000
105440	1.803653	105568.000000
105447	1.784804	105581.000000
105460	1.766791	105592.000000
105471	1.743133	105612.000000
105491	1.718380	105710.000000
105589	1.700682	105732.000000
105611	1.684037	105746.000000
105625	1.665281	105757.000000
105636	1.646751	105765.000000
105644	1.626190	105775.000000
105654	1.608662	105782.000000
105661	1.590064	105790.000000
105669	1.570748	105799.000000
105678	1.551786	105807.000000
105686	1.532468	105814.000000
105693	1.514297	105822.000000
105701	1.492285	105832.000000
105711	1.474774	105842.000000
105721	1.453611	105854.000000
105782	1.446545	105878.000000
106192	1.442206	106316.000000
106195	1.422580	106320.000000
106199	1.407611	106323.000000
106202	1.388214	106327.000000
106206	1.370533	106331.000000
106210	1.352590	106335.000000
106214	1.334826	106339.000000
106218	1.317561	106343.000000
106222	1.301421	106347.000000
106226	1.282195	106352.000000
106231	1.264082	106357.000000
106236	1.243562	106362.000000
106241	1.224695	106369.000000
106248	1.206575	106374.000000
106253	1.188816	106381.000000
106260	1.169793	106388.000000
106267	1.151741	106396.000000
106275	1.132248	106405.000000
106284	1.110442	106422.000000
106301	1.109650	106472.000000
106351	1.099482	106472.000000
106858	2.057738	106958.000000
107175	2.002767	107297.000000
107176	1.991431	107298.000000
107177	1.979930	107299.000000
107178	1.968336	107300.000000
107179	1.956787	107301.000000
107180	1.945412	107302.000000
107181	1.934240	107303.000000
107182	1.923180	107304.000000
107183	1.912057	107305.000000
107184	1.900713	107306.000000
107185	1.889102	107307.000000
107186	1.878340	107308.000000
107187	1.867494	107309.000000
107188	1.856690	107310.000000
107189	1.845567	107311.000000
107190	1.834108	107312.000000
107191	1.823261	107313.000000
107192	1.813007	107314.000000
107193	1.802533	107315.000000
107194	1.791818	107316.000000
107195	1.780861	107317.000000
107196	1.769677	107318.000000
107197	1.758323	107319.000000
107198	1.747398	107320.000000
107199	1.736682	107321.000000
107200	1.725745	107322.000000
107201	1.714636	107323.000000
107202	1.703557	107324.000000
107203	1.692743	107325.000000
107204	1.682317	107326.000000
107205	1.672227	107327.000000
107206	1.652401	107329.000000
107208	1.632842	107331.000000
107210	1.612717	107333.000000
107212	1.602428	107334.000000
107213	1.592025	107335.000000
107214	1.581599	107336.000000
107215	1.563547	107338.000000
107217	1.543819	107340.000000
107219	1.526231	107342.000000
107221	1.507239	107344.000000
107223	1.497224	107345.000000
107224	1.477704	107347.000000
107226	1.459697	107349.000000
107228	1.441924	107351.000000
107230	1.423769	107353.000000
107232	1.405876	107355.000000
107234	1.387648	107357.000000
107236	1.368646	107359.000000
107238	1.351058	107361.000000
107240	1.337692	107363.000000
107242	1.322621	107365.000000
107244	1.306556	107367.000000
107246	1.291548	107369.000000
107248	1.276660	107371.000000
107250	1.257061	107374.000000
107253	1.237573	107377.000000
107256	1.217570	107380.000000
107259	1.203580	107382.000000
107261	1.185553	107385.000000
107264	1.167761	107388.000000
107267	1.150575	107391.000000
107270	1.134965	107394.000000
107273	1.115713	107398.000000
107277	1.098091	107402.000000
107281	1.081652	107406.000000
107285	1.061517	107411.000000
107290	1.044849	107415.000000
107294	1.028852	107419.000000
107298	1.011335	107425.000000
107304	0.995193	107434.000000
107313	0.975556	107437.000000
107316	0.955979	107454.000000
107384	0.955291	107479.000000
107997	1.334155	108102.000000
108405	1.743382	108506.000000
108793	1.735521	108919.000000
108798	1.715793	108925.000000
108804	1.695681	108931.000000
108810	1.675707	108938.000000
108817	1.656771	108946.000000
108825	1.638372	108955.000000
108834	1.620986	108963.000000
108842	1.604985	108969.000000
108848	1.586498	108982.000000
108861	1.566862	108997.000000
108876	1.549291	109011.000000
108890	1.525270	109033.000000
108912	1.506417	109054.000000
108933	1.483684	109088.000000
109019	1.476801	109113.000000
109606	1.461297	109731.000000
109610	1.440668	109737.000000
109616	1.421126	109741.000000
109620	1.404081	109745.000000
109624	1.386790	109749.000000
109628	1.369885	109753.000000
109632	1.350587	109758.000000
109637	1.332555	109763.000000
109642	1.315897	109767.000000
109646	1.296661	109772.000000
109651	1.278337	109777.000000
109656	1.261328	109782.000000
109661	1.244571	109787.000000
109666	1.224945	109793.000000
109672	1.204881	109800.000000
109679	1.186312	109806.000000
109685	1.166801	109813.000000
109692	1.146560	109822.000000
109701	1.128788	109832.000000
109711	1.106082	109850.000000
109784	1.096662	109877.000000
110531	1.202492	110623.000000
110947	1.460975	111047.000000
111368	1.506693	111463.000000
111546	1.473911	111628.000000
111558	1.465268	111653.000000
112049	1.645781	112137.000000
112550	1.628940	112675.000000
112554	1.613993	112678.000000
112557	1.595089	112682.000000
112561	1.576152	112686.000000
112565	1.556793	112690.000000
112569	1.541484	112693.000000
112572	1.521574	112697.000000
112576	1.502377	112701.000000
112580	1.485864	112704.000000
112583	1.470029	112707.000000
112586	1.450773	112711.000000
112590	1.431909	112715.000000
112594	1.416666	112718.000000
112597	1.400684	112721.000000
112600	1.381721	112725.000000
112604	1.364052	112729.000000
112608	1.345845	112733.000000
112612	1.330720	112736.000000
112615	1.311449	112740.000000
112619	1.293668	112744.000000
112623	1.275909	112748.000000
112627	1.258987	112752.000000
112631	1.242475	112756.000000
112635	1.224858	112760.000000
112639	1.207628	112764.000000
112643	1.189313	112769.000000
112648	1.171432	112774.000000
112653	1.149273	112781.000000
112660	1.126886	112789.000000
112668	1.104113	112795.000000
112674	1.087223	112802.000000
112681	1.068772	112811.000000
112690	1.049039	112821.000000
112700	1.029072	112833.000000
112712	1.009831	112848.000000
112727	0.990409	112871.000000
112750	0.973727	112893.000000
112817	0.982772	112915.000000
113228	1.539622	113316.000000
113512	1.408698	113638.000000
113517	1.385899	113653.000000
113563	1.378544	113668.000000
113936	1.375930	114058.000000
113937	1.363620	114059.000000
113938	1.351431	114060.000000
113939	1.339321	114061.000000
113940	1.327229	114062.000000
113941	1.315121	114063.000000
113942	1.303120	114064.000000
113943	1.291821	114065.000000
113944	1.280630	114066.000000
113945	1.269431	114067.000000
113946	1.258218	114068.000000
113947	1.247099	114069.000000
113948	1.236205	114070.000000
113949	1.225590	114071.000000
113950	1.215181	114072.000000
113951	1.204825	114073.000000
113952	1.194385	114074.000000
113953	1.183823	114075.000000
113954	1.173215	114076.000000
113955	1.162698	114077.000000
113956	1.152438	114078.000000
113957	1.132888	114080.000000
113959	1.113369	114082.000000
113961	1.095046	114084.000000
113963	1.077861	114086.000000
113965	1.061066	114088.000000
113967	1.043480	114090.000000
113969	1.025490	114092.000000
113971	1.009049	114094.000000
113973	0.993285	114096.000000
113975	0.977379	114098.000000
113977	0.962981	114100.000000
113979	0.942948	114103.000000
113982	0.928925	114105.000000
113984	0.910578	114108.000000
113987	0.893554	114111.000000
113990	0.876172	114114.000000
113993	0.861117	114117.000000
113996	0.839698	114122.000000
114001	0.818216	114127.000000
114006	0.797104	114135.000000
114014	0.777981	114141.000000
114020	0.757515	114149.000000
114028	0.750195	114206.000000
114085	0.739959	114206.000000
115359	1.242464	115432.000000
115710	1.240691	115885.000000
115764	1.230235	115885.000000
116033	1.202021	116157.000000
116036	1.184820	116162.000000
116041	1.166916	116168.000000
116047	1.147680	116174.000000
116053	1.128408	116182.000000
116061	1.108152	116191.000000
116070	1.090167	116202.000000
116081	1.084924	116256.000000
116135	1.074859	116256.000000
116450	1.059459	116584.000000
116463	1.038087	116598.000000
116542	1.029553	116630.000000
116957	1.013859	117091.000000
116996	1.010840	117103.000000
117759	1.318674	117864.000000
118298	1.480086	118407.000000
118708	2.122709	118818.000000
119091	2.395628	119174.000000
119694	2.388777	119816.000000
119695	2.377397	119817.000000
119696	2.366033	119818.000000
119697	2.354459	119819.000000
119698	2.342525	119820.000000
119699	2.330704	119821.000000
119700	2.319932	119822.000000
119701	2.309575	119823.000000
119702	2.299549	119824.000000
119703	2.289524	119825.000000
119704	2.279057	119826.000000
119705	2.267815	119827.000000
119706	2.255753	119828.000000
119707	2.243132	119829.000000
119708	2.230384	119830.000000
119709	2.217898	119831.000000
119710	2.205853	119832.000000
119711	2.194197	119833.000000
119712	2.182762	119834.000000
119713	2.171415	119835.000000
119714	2.160143	119836.000000
119715	2.149025	119837.000000
119716	2.138120	119838.000000
119717	2.127385	119839.000000
119718	2.116671	119840.000000
119719	2.105821	119841.000000
119720	2.094779	119842.000000
119721	2.083628	119843.000000
119722	2.072532	119844.000000
119723	2.061618	119845.000000
119724	2.050883	119846.000000
119725	2.040198	119847.000000
119726	2.029403	119848.000000
119727	2.018417	119849.000000
119728	2.007278	119850.000000
119729	1.996097	119851.000000
119730	1.984952	119852.000000
119731	1.973812	119853.000000
119732	1.962552	119854.000000
119733	1.951053	119855.000000
119734	1.939296	119856.000000
119735	1.921199	119858.000000
119737	1.903196	119860.000000
119739	1.884894	119862.000000
119741	1.867186	119864.000000
119743	1.849912	119866.000000
119745	1.832539	119868.000000
119747	1.815065	119870.000000
119749	1.797489	119872.000000
119751	1.779946	119874.000000
119753	1.763002	119876.000000
119755	1.746685	119878.000000
119757	1.730422	119880.000000
119759	1.714378	119882.000000
119761	1.699786	119884.000000
119763	1.686286	119886.000000
119765	1.666995	119889.000000
119768	1.648818	119892.000000
119771	1.632994	119895.000000
119774	1.613407	119899.000000
119778	1.593964	119904.000000
119783	1.575467	119910.000000
119789	1.556065	119919.000000
119817	1.552316	119928.000000
120155	1.547654	120279.000000
120158	1.533912	120281.000000
120160	1.516749	120284.000000
120163	1.501311	120287.000000
120166	1.481385	120291.000000
120170	1.464098	120294.000000
120173	1.448138	120297.000000
120176	1.431243	120300.000000
120179	1.413827	120303.000000
120182	1.397642	120306.000000
120185	1.378485	120310.000000
120189	1.363296	120313.000000
120192	1.347988	120316.000000
120195	1.328799	120320.000000
120199	1.312472	120323.000000
120202	1.296712	120326.000000
120205	1.281282	120329.000000
120208	1.265768	120332.000000
120211	1.246481	120336.000000
120215	1.229750	120340.000000
120219	1.212053	120344.000000
120223	1.195389	120348.000000
120227	1.179204	120352.000000
120231	1.162597	120356.000000
120235	1.146338	120360.000000
120239	1.130059	120364.000000
120243	1.111329	120368.000000
120247	1.092934	120373.000000
120252	1.075413	120378.000000
120257	1.056472	120384.000000
120263	1.038727	120389.000000
120268	1.018922	120395.000000
120274	0.997228	120403.000000
120282	0.977942	120410.000000
120289	0.959649	120417.000000
120296	0.939867	120426.000000
120305	0.920845	120434.000000
120313	0.898497	120449.000000
120328	0.879131	120464.000000
120343	0.857415	120489.000000
120489	0.850401	120549.000000
120749	0.848384	120851.000000
121285	0.955119	121386.000000
121847	1.175649	121950.000000
122100	0.993012	122223.000000
122102	0.978130	122225.000000
122104	0.962848	122227.000000
122106	0.948066	122229.000000
122108	0.934013	122231.000000
122110	0.919571	122233.000000
122112	0.899431	122236.000000
122115	0.884829	122238.000000
122117	0.871034	122240.000000
122119	0.851036	122243.000000
122122	0.836963	122245.000000
122124	0.823350	122247.000000
122126	0.804159	122250.000000
122129	0.784644	122253.000000
122132	0.766131	122256.000000
122135	0.748303	122259.000000
122138	0.734864	122261.000000
122140	0.718309	122264.000000
122143	0.701725	122267.000000
122146	0.685616	122270.000000
122149	0.665652	122274.000000
122153	0.645963	122278.000000
122157	0.627997	122282.000000
122161	0.611330	122286.000000
122165	0.595352	122290.000000
122169	0.579070	122294.000000
122173	0.562327	122299.000000
122178	0.544537	122305.000000
122184	0.523878	122314.000000
122193	0.506922	122323.000000
122202	0.488766	122332.000000
122253	0.488296	122352.000000
122797	2.140282	122901.000000
123155	2.130650	123278.000000
123157	2.111550	123280.000000
123159	2.091577	123282.000000
123161	2.072035	123284.000000
123163	2.053323	123286.000000
123165	2.033782	123288.000000
123167	2.014732	123290.000000
123169	1.995304	123292.000000
123171	1.976116	123294.000000
123173	1.957183	123296.000000
123175	1.937920	123298.000000
123177	1.919520	123300.000000
123179	1.900262	123302.000000
123181	1.881340	123304.000000
123183	1.863229	123306.000000
123185	1.844890	123308.000000
123187	1.826146	123310.000000
123189	1.807571	123312.000000
123191	1.789898	123314.000000
123193	1.772028	123316.000000
123195	1.754798	123318.000000
123197	1.738401	123320.000000
123199	1.721668	123322.000000
123201	1.704206	123324.000000
123203	1.687331	123326.000000
123205	1.671119	123328.000000
123207	1.654704	123330.000000
123209	1.638821	123332.000000
123211	1.623952	123334.000000
123213	1.609037	123336.000000
123215	1.593995	123338.000000
123217	1.579393	123340.000000
123219	1.564910	123342.000000
123221	1.551048	123344.000000
123223	1.530868	123347.000000
123226	1.510762	123351.000000
123230	1.496758	123353.000000
123232	1.481416	123355.000000
123234	1.463456	123358.000000
123237	1.445893	123361.000000
123240	1.430216	123364.000000
123243	1.415031	123367.000000
123246	1.396854	123371.000000
123250	1.378850	123375.000000
123254	1.360965	123379.000000
123258	1.340738	123384.000000
123263	1.322864	123390.000000
123269	1.303591	123397.000000
123276	1.286987	123403.000000
123282	1.268756	123410.000000
123289	1.247641	123419.000000
123298	1.228551	123431.000000
123310	1.207949	123447.000000
123326	1.188687	123460.000000
123339	1.169765	123471.000000
123350	1.149653	123481.000000
123360	1.128588	123492.000000
123371	1.107841	123501.000000
123380	1.086012	123509.000000
123388	1.068650	123515.000000
123394	1.050556	123521.000000
123400	1.031189	123528.000000
123407	1.013850	123534.000000
123413	0.990963	123541.000000
123420	0.974964	123546.000000
123425	0.956683	123553.000000
123432	0.939445	123559.000000
123438	0.919362	123566.000000
123445	0.901587	123571.000000
123450	0.881815	123579.000000
123458	0.863593	123585.000000
123464	0.837835	123599.000000
123478	0.815380	123615.000000
123533	0.811085	123634.000000
124232	0.957340	124332.000000
124421	0.528980	124543.000000
124422	0.509980	124546.000000
124425	0.491180	124549.000000
124428	0.472438	124552.000000
124431	0.453923	124555.000000
124434	0.435664	124558.000000
124437	0.417649	124561.000000
124440	0.399877	124564.000000
124443	0.382395	124567.000000
124446	0.365401	124570.000000
124449	0.348710	124573.000000
124452	0.332428	124576.000000
124455	0.316469	124579.000000
124458	0.300910	124582.000000
124461	0.285810	124585.000000
124464	0.266261	124589.000000
124468	0.247476	124593.000000
124472	0.229577	124597.000000
124476	0.212709	124601.000000
124480	0.196571	124605.000000
124484	0.177494	124610.000000
124489	0.159732	124615.000000
124494	0.140059	124621.000000
124500	0.122174	124627.000000
124506	0.103722	124634.000000
124513	0.084407	124641.000000
124520	0.066190	124651.000000
124530	0.044707	124666.000000
124545	0.021893	124695.000000
124574	0.012108	124817.000000
124817	0.012108	124939.000000
124939	0.012108	125061.000000
124939	0.012108	125061.000000
