3

-7.294308	-0.078423	-17.675114	1.608264	1.783362	2.130270
7.959665	-0.715589	-1.387901	-1.638414	4.104678	-0.859597
0.194520	1.632132	0.347729	-2.080993	-1.993925	-2.352098
0.382406	-3.041452	-1.988097	-2.137842	7.632603	2.371449
0.599863	-1.606076	-0.662331	1.900107	-9.361380	1.444389
-4.721719	0.458633	1.157019	0.970052	-9.634184	1.641044
-0.145843	2.201355	2.721589	0.072510	-1.997381	-0.748764
-4.018414	0.014106	0.148222	-1.706224	5.051538	-1.093289
3.306213	-0.124044	-3.987142	-0.039031	-1.446754	-0.108125
-3.049835	0.980789	0.279802	0.703478	-8.253358	-0.427489
-1.854665	0.175672	-0.352227	0.626044	-6.107196	-0.084555
-1.237319	0.206159	0.626530	0.202450	3.724090	-0.309155
1.214448	1.190645	0.740217	0.230126	2.760651	-0.436878
-0.532778	1.792618	3.084529	-0.339366	-6.909728	-0.141330
3.892658	-0.602588	8.407159	-0.649592	1.528729	-1.309029
3.263000	-0.205956	4.707878	-0.436684	4.652556	-1.141292
1.246629	-0.780369	-0.631599	-0.677013	7.463267	0.252966
-8.005801	0.327712	1.747927	-0.592091	-2.865536	-1.398248
-0.089617	0.009447	-0.288235	0.324571	-1.322513	1.083808
5.889749	0.059114	0.178533	0.324078	-4.498463	0.235047
-2.591387	-1.488599	-1.388973	-0.266754	1.161460	-1.143203

-0.090367	2.069729	-5.755450	-0.548851	-8.613766	3.874486

logsig

-4.991869	3.262683	5.605384	-5.960556
2.755091	6.956611	12.074123	7.554816
-0.558448	-7.577281	-12.238406	-4.748637
-8.629469	4.444805	-13.000231	10.125576
-1.491155	1.902423	6.246623	-3.287959
3.900941	-1.970577	14.146235	-8.380119

2.596207	-1.645570	-19.830950	-2.732696

tansig

0.079784	-0.079784
0.111542	-0.111542
0.322535	-0.322535
-0.080086	0.080086

0.339374	0.660626

purelin

