3

0.040655	0.188237	0.006867	0.010047	0.060051
-0.089175	0.054607	-0.032274	0.368994	-0.223469
4.043995	5.588826	0.380762	-6.701623	18.045659
0.032407	-0.022888	0.073035	-0.054986	-0.007334
-0.021076	-0.021067	0.022749	0.006195	0.074099
-0.022350	-0.001921	-0.029785	0.008022	0.074450
-1.329626	-1.889410	-0.130085	2.144748	-5.891961
-2.031516	-2.899365	-0.152314	3.287297	-9.040891
0.000863	-0.000497	-0.000783	-0.000101	-0.007492
0.048321	-0.163315	-0.208104	0.110223	0.037021
-0.267741	-0.353716	-0.108783	0.469118	-1.146290
-0.030878	-0.045168	0.020816	0.024576	-0.021603
0.003209	-0.012727	0.030547	-0.034421	0.028884
0.007546	0.000378	0.015567	-0.013107	0.011513
0.072725	0.150052	-0.054800	-0.061069	0.390435
-0.585271	-0.845635	-0.144663	1.011788	-2.680874
-0.000994	0.000444	0.000133	0.001027	-0.000800
0.035310	-0.207916	0.190038	-0.023532	0.079655
0.009465	0.042106	0.002490	-0.037569	0.055464
-0.017303	-0.059154	-0.051457	0.011401	-0.031665
0.015598	0.002098	0.006174	-0.017094	0.023608
0.002878	0.007262	0.005772	-0.003104	0.006638
0.023289	0.004971	0.010497	-0.018370	-0.055363
0.023591	0.085617	0.000984	-0.014016	0.188668
0.000099	-0.000204	0.000482	-0.000223	0.000159
-0.053213	-0.349183	-0.126012	0.102193	-0.149157
0.009457	0.000602	-0.008947	-0.014499	-0.015965
0.000522	0.004256	-0.002099	-0.001489	0.000441
-0.020952	-0.014023	-0.011143	0.046117	0.009521
-0.000254	-0.000860	-0.000096	0.000038	-0.000113
0.040534	0.050765	0.128082	-0.014996	0.006653
0.028094	0.075481	0.078701	-0.043003	0.012516
-0.003195	0.003675	-0.001262	0.004586	0.003902
-0.020076	-0.031438	-0.045454	0.027464	0.013244
0.000203	-0.000118	0.000044	-0.000166	0.000286
-0.035299	-0.061230	-0.117094	0.077908	-0.063211
0.012024	0.033958	0.028884	-0.015964	0.004156
0.016308	0.031797	0.110376	-0.054082	0.038734
0.001967	-0.000398	0.003998	-0.004216	0.002380
-0.712400	-1.039880	0.029398	1.122563	-3.222691
0.260021	0.032608	0.555623	-0.453063	0.286368
-0.021923	-0.058325	-0.000967	-0.000888	-0.023392
0.019184	0.043581	0.010097	-0.006428	0.003421
0.011056	0.028915	0.012154	-0.003242	0.019049
-0.000102	-0.000540	0.000309	0.000053	0.000869
0.042177	0.064104	-0.044360	-0.058704	0.198209
0.107671	0.249011	0.208801	-0.069885	0.092848
-0.001267	0.010279	0.024526	-0.009668	0.005370
0.000294	0.000595	0.000969	0.000115	0.001558
-0.009927	-0.013631	-0.005715	0.011061	0.006906
0.085091	0.082614	0.103077	-0.176080	-0.071129
0.001280	-0.006423	-0.007695	-0.004002	0.000746
-0.000329	0.000418	0.000270	0.000082	-0.000379
-0.002793	0.019384	0.019054	-0.006256	0.013852
0.058387	-0.003281	0.034598	-0.067569	0.155559

2.505588	2.755751	2.201002	-3.024439	1.625276

logsig

40.301963	28.665190	109.578171	-167.133540
-62.004971	52.334646	-162.669529	297.619978
-44.957063	29.400662	90.040770	-191.050531
-17.484194	31.708558	140.666848	-237.629499
17.426502	-44.230108	-13.607919	161.460115

28.230166	-54.824121	-171.208763	307.252397

tansig

0.003634
0.000734
0.380864
0.381074

-0.001629

purelin

