3

0.778063	0.826792	-0.867114	0.540751	-4.897334	-1.397124
-2.274356	-2.907127	-0.429780	-2.997142	-2.832236	-0.855471
4.959976	1.584204	0.374668	-3.652589	-1.393028	0.108476
-3.410250	5.055739	-0.128387	-1.632758	-3.260372	0.285525
-0.652454	-0.916352	0.522433	2.395007	2.047362	1.327704
-2.014368	2.380203	-0.221787	3.846952	-3.338837	-0.410015
0.369385	-0.438290	0.419281	-0.173247	2.444590	1.593935
-0.158582	-1.937758	-0.114917	-1.704986	-3.294586	-0.558645
-0.286585	5.253751	0.155122	-0.018962	-0.902275	-3.802169
0.519636	-4.429054	-0.071825	0.802303	1.331568	-0.455034
0.635219	-0.583756	0.213422	1.348982	-0.902624	-0.256333
1.682156	0.564423	0.240305	0.509293	0.666141	0.459342
-0.710145	1.745155	-0.126901	0.762509	1.535085	-0.722075
-2.027893	0.027646	0.039513	1.109617	-0.884712	2.205162
0.951432	-1.000714	0.198194	-0.652234	0.662790	-1.466901
0.540717	-0.520287	0.290990	-0.080884	0.400049	-4.570429
0.362615	3.803918	-0.055083	-0.626062	0.526082	-0.132818
2.411775	-3.993530	0.021671	-1.598128	-0.090827	1.194410
0.050286	0.348415	2.042142	2.424549	7.887393	-0.219435
-0.021345	-0.547953	-0.509057	-0.196209	1.516269	-0.099366
1.023260	-2.288668	0.658653	0.518501	0.447903	-0.530339

-4.032991	0.051193	0.927326	0.196557	18.402040	-6.149903

logsig

2.818498	13.171663	1.174433	2.853397
-0.577105	-5.038710	-0.743715	-0.653277
-3.467452	-14.614741	-1.237760	11.898643
3.330032	16.809015	1.222310	11.788759
3.035757	-1.654646	-2.602510	2.397431
0.207502	25.905196	0.475992	1.104468

-0.283699	-1.209285	4.019058	-1.671643

tansig

0.298689	-0.298689
-0.263946	0.263946
-0.654874	0.654874
-0.467052	0.467052

1.120054	-0.120054

purelin

