3

2.213181	-0.936336	-0.515206	-3.670925	-0.894714	4.532399
-1.671824	0.053599	-0.552349	-50.166963	-0.712650	4.737171
0.776931	-0.736900	0.404487	-42.295932	0.016801	7.471459
2.772145	1.241761	1.389354	-13.950482	1.248431	-3.043261
-0.663491	0.462044	0.683174	48.951564	1.197831	-4.943542
1.282796	0.231826	-0.117227	38.730253	-0.128123	-4.569254
1.005883	-0.157426	-0.687171	2.535605	-0.402624	14.504665
0.168916	-0.375824	-0.268428	-31.830318	-0.086245	-0.144114
-5.257692	-0.304818	2.617585	14.137868	0.145303	-4.011085
-2.116052	-0.489047	-0.876096	7.917625	-0.744287	-1.759507
-2.631870	-0.322543	-0.081112	13.797049	-0.114393	-3.328537
4.104238	-0.165030	0.024881	6.692002	-0.109234	2.617557
1.654713	0.367054	-0.092554	-3.361686	0.297129	-1.943718
-1.282260	0.451448	-0.361905	11.583624	0.279830	0.273369
-4.580206	-0.470369	0.851528	3.670846	-0.163659	-3.131222
-0.088755	-0.376914	0.617532	-12.077404	-0.129991	-4.200997
-4.042465	0.286397	0.603977	5.844975	0.606629	5.595970
-2.533308	-0.357399	-1.078885	-2.279524	-0.439969	4.315414
-1.731803	0.263476	-0.748085	14.377885	-0.720454	-1.862889
-21.681135	-0.092752	-0.234653	-1.582897	-0.173974	-5.810838
-1.476681	-0.484066	-0.010350	-4.781823	0.143009	-0.370562

8.350190	1.608058	0.418574	0.507918	-1.566098	12.664179

logsig

11.980453	-1.584001	2.506601	-0.568190
-28.263331	4.199295	-17.398906	9.850654
-6.405395	4.072206	-13.236151	-5.638002
-0.739373	-1.665930	3.113565	-1.043359
9.766309	-7.276578	14.858729	0.315357
5.911428	-20.736646	-8.050017	0.400764

8.388435	20.917037	20.822013	-8.125059

tansig

-0.074147	0.074147
-0.060929	0.060929
-0.396166	0.396166
-0.142447	0.142447

0.396310	0.603690

purelin

