3

-0.160945	7.849384	-0.555296	0.435091	-0.189935	0.440413
-0.385671	1.343060	0.614756	-2.572443	3.760999	1.729450
0.453836	-8.033975	-1.457628	2.303629	-4.526736	-2.135411
0.253532	0.022899	-9.525857	-0.968787	-0.300308	-0.106310
0.966201	-0.213320	-7.693185	1.025972	-0.184313	-0.340880
0.344408	-1.006077	2.077963	-4.921921	0.010038	-0.350740
0.180523	1.308937	2.247883	3.226040	-0.301023	0.160364
-0.020605	-0.024809	0.398214	0.138280	-0.121177	-0.031784
-0.083863	1.280952	-0.560986	1.045350	0.353837	-0.238162
0.049504	4.180002	0.115672	-0.028981	-0.090084	-0.024538
0.216248	0.049708	7.707515	0.567549	-0.141498	-0.039360
-1.125636	0.168102	8.323889	-0.590613	0.269834	0.409896
-0.198968	-0.432257	0.418688	0.965915	0.220797	-0.253307
0.228921	0.381912	8.440210	-0.822396	-0.540649	0.173799
-0.058686	4.020943	3.783389	0.344937	0.249588	-0.221436
-1.011007	1.001293	0.050468	1.254224	1.896086	0.569319
-0.220993	-0.191803	-2.196688	0.007336	0.067282	-0.020534
0.381647	0.076510	-1.826958	0.596775	-0.169945	-0.131202
0.078397	0.043153	0.461075	-0.024450	0.055894	0.051097
0.015741	-0.830037	-0.432672	0.243817	-0.005918	-0.131643

4.529207	7.503137	2.133244	-6.104644	2.252006	1.019182

logsig

-13.223282	-22.168426	0.551719	-0.226524
4.422146	3.623357	1.661849	-10.569227
1.338489	1.620393	7.583476	-7.258814
-1.924942	-6.836456	-17.880884	12.638764
6.238828	-2.464450	0.399899	11.464004
-8.890080	-7.032666	-0.477465	-4.605099

8.120819	25.046048	-11.100413	10.696973

tansig

0.417879	-0.435242	0.017363
0.037022	0.430012	-0.467033
0.448404	0.008878	-0.457281
0.035481	-0.037908	0.002427

0.869115	0.052918	0.077968

purelin

