3

-1.028066	2.163577	0.038373	0.533113	-0.305256	-1.089195
5.597161	0.000513	-0.051837	0.265581	-0.070236	-0.165940
-5.697623	-2.871053	0.124038	-0.129578	0.337806	2.836866
0.136286	0.108002	0.052074	5.144980	0.151481	0.534745
0.219531	-0.309143	0.354765	5.828876	0.821272	0.166704
0.840857	-0.683242	-0.031607	-2.448037	0.471185	0.670200
-0.232941	-2.328571	0.010961	0.098724	-0.194316	-0.185216
-0.141758	0.048072	-0.002265	-0.116865	-0.034736	0.103317
-0.492517	-0.019094	-0.219130	1.658219	-0.301091	-0.559548
0.208925	0.583971	0.100640	-0.147021	0.216059	-0.244152
-0.106037	-0.001306	-0.311663	-4.085735	-0.551753	0.266040
-0.350714	0.157838	0.028459	-5.933274	-0.194105	-0.542975
0.192609	-0.038445	0.050855	0.121357	0.266819	-0.118736
-0.041080	-0.437045	0.140058	-4.319820	-0.010857	-0.676585
-2.970254	-0.439471	-0.301151	-3.817326	-0.276214	1.632722
-0.240188	0.656739	-0.101343	0.508495	-0.386601	-1.764771
0.090500	0.403067	0.191074	2.190820	0.396321	-0.082874
-0.017155	-0.082944	-0.191971	0.712713	-0.366309	-0.259904
0.010534	-0.588745	0.054097	-0.115028	0.066785	0.250134
0.155052	0.664854	-0.083133	-0.031911	-0.109615	-0.421663

-4.362196	3.690660	-0.107475	-1.172008	-0.597198	-2.020019

logsig

6.621169	-6.364789	7.308895	-0.206209
-3.023915	2.674807	2.666634	4.201893
8.792112	-9.272107	16.917309	-1.864576
2.690683	-2.273302	0.899589	-0.489802
-7.452586	7.342847	-10.324552	-9.619368
-3.365603	2.966544	3.442211	6.253210

-0.634972	0.878104	-7.241872	-4.736303

tansig

0.001001	1.561566	-1.562567
0.000755	2.065670	-2.066425
-0.493257	0.496134	-0.002877
0.075574	-0.075117	-0.000457

0.563638	-0.083760	0.520122

purelin

