3

-6.046177	-2.633939	2.812250	-0.993798	-2.031494	1.868748
-0.228994	0.023041	0.605819	0.360864	0.095650	-4.936844
1.629902	0.329413	-1.327102	-0.375622	0.330549	4.413105
-2.963581	1.152828	-1.937669	-0.951308	-6.318347	-0.327034
-1.608660	3.312250	-2.920732	-0.875548	-7.383730	-0.188535
-1.220481	5.799977	-2.639465	-0.590539	4.994103	-0.215074
-3.372883	5.074452	-0.971211	-1.207130	0.467513	0.119497
-0.991165	-3.846499	0.306874	-0.078542	0.013438	0.021447
2.096909	5.375050	-2.054023	1.872639	-1.379127	0.231665
1.222116	2.346124	-0.791113	0.058370	0.536854	-0.975416
-0.581109	-2.987046	2.886311	0.478472	6.629915	0.241729
-2.948924	-1.597254	0.865135	0.059025	6.065950	0.409348
6.361475	-0.228078	-0.941907	1.503459	0.372582	-0.311623
-1.425210	2.687459	1.728257	-0.739009	4.894216	0.162206
2.389080	-7.430199	-1.318718	0.646442	2.520601	4.466102
-0.870698	4.827548	-2.451693	-0.139644	-2.459117	0.088720
0.054648	-0.936652	0.066007	0.036196	-1.892033	0.081861
1.691822	-0.469208	0.581626	0.529394	-1.276258	0.031580
1.951479	-0.987609	0.019749	0.354115	0.397550	-0.161476
-1.044739	1.990307	0.543954	-0.190282	-0.549540	0.061534

-14.821605	-2.364797	1.635623	-2.805228	0.434465	4.345623

logsig

-3.653614	0.123655	-0.101523	1.904506
3.931894	5.521793	-0.244592	-0.088924
0.010536	6.695058	0.719522	-3.558974
7.490635	-3.895150	-1.069497	0.002778
-2.051013	-8.426915	-1.467100	4.728091
-8.533952	-22.909390	-5.110677	0.571958

9.793163	17.297436	5.734534	2.563633

tansig

0.333718	-0.414488	0.080770
0.013260	-0.262196	0.248936
-0.503424	0.335636	0.167788
0.025363	0.083718	-0.109081

0.155039	0.382410	0.462551

purelin

