3

1.637484	0.233812	0.369028	-0.187546	0.611712	0.289967
1.724916	0.449756	0.168219	0.371612	1.836511	0.870460
-1.508644	-0.692227	-0.066112	0.463660	-2.459746	-0.593825
0.328739	1.155273	1.281595	-1.841367	0.719706	-1.073976
0.224077	0.755753	0.615977	-5.191279	0.544491	-0.393185
-1.692644	0.045528	-1.179416	0.556140	0.467693	-0.315727
0.115621	0.015627	-0.154807	-0.002851	0.237021	-0.583341
-0.993760	-0.189778	-0.082049	0.001022	-0.360554	-0.190370
0.801871	0.711745	0.401628	-1.281468	0.673040	0.997823
-0.246308	0.094096	0.015944	0.387076	0.098929	-0.075166
-0.559442	-1.361752	-1.500852	0.616403	-1.110663	0.270827
0.106530	-0.466362	-0.245045	6.062221	-0.187260	0.282775
-0.231518	-0.354593	-0.380150	-0.040340	0.016875	1.570712
-0.817392	-0.284753	-0.554613	4.218679	0.560224	0.803863
4.966580	-1.074497	-0.668621	-1.593745	-2.114850	-0.298320
0.726728	0.940913	0.872408	0.842455	1.300487	-0.451867
0.293208	0.503718	0.487620	-0.259455	0.356496	-0.191111
0.022963	0.048293	0.010250	-2.053021	-0.073188	0.760131
-0.050386	-0.114424	-0.104659	-0.351616	-0.135854	-0.098472
-0.045759	0.172906	0.138092	0.473229	0.220822	0.227809

4.581071	-0.065918	1.146498	-0.963154	0.452625	-6.207772

logsig

3.935564	-0.543162	-19.758730	5.761273
2.352725	0.670616	-17.454212	6.840796
-4.286726	2.312685	25.084102	-6.972826
1.735578	-0.072891	-3.554544	1.149128
-2.672571	-4.404943	9.995425	-8.671246
9.573028	-16.005667	-0.940048	1.355158

-1.331206	1.591241	2.591230	2.647939

tansig

0.006734	0.142091	-0.148825
-0.490125	0.488398	0.001727
0.001025	-0.376671	0.375646
0.413560	-0.470570	0.057009

0.067792	0.449730	0.482478

purelin

