3

0.668161	0.750184	0.220427	-0.766191	-7.038700	-0.397552
0.129149	0.152930	-0.208405	0.365263	3.087496	0.154302
0.929281	-0.260755	-0.090634	2.595781	0.849686	0.324186
-0.369604	-0.477231	2.781332	0.094231	-0.416906	2.381384
-0.041074	-1.091439	2.949695	0.416084	0.960672	1.868089
-1.743213	0.167227	0.155213	0.593529	2.701699	-2.632048
1.958353	-1.558351	-0.954469	-0.092293	0.842125	-0.540170
0.066790	-0.026132	0.007947	0.032375	-1.100905	-0.149255
1.096428	2.291760	0.538096	0.553409	-0.640923	-0.119559
-0.316262	-0.334633	-0.021240	-0.169277	-0.694687	0.037517
-0.187085	0.177858	-2.361591	-0.314182	-0.814216	-1.672631
0.515198	0.473599	-2.769367	0.222773	0.153749	-2.207476
-0.296674	0.686611	-0.454520	-0.614399	0.215051	-1.032705
1.955790	-0.907179	-3.216606	-0.434055	-1.471961	-2.780199
-3.452763	-0.028555	-0.137206	0.733502	4.609173	1.289287
0.885258	0.517996	0.088669	-0.601818	0.041033	0.009717
-0.284030	-0.670776	0.755131	-0.187665	-0.483282	0.552110
0.018759	1.818017	0.803699	0.307708	-0.345022	0.646966
0.153470	-0.160962	-0.048396	0.159258	0.014783	0.059303
-0.228107	0.051034	0.012208	-0.372009	0.279363	-0.078953

-2.643953	-7.621713	1.451093	-0.633978	-3.643410	2.234368

logsig

16.330009	-4.159259	3.672975	13.865148
-2.647385	-70.042609	-0.507138	-3.950258
14.700384	-4.502835	3.460906	9.174085
-11.428336	2.641483	-2.479789	-10.093888
-1.370226	-2.589337	1.730452	-2.941298
-0.388004	4.166882	1.982478	58.936385

-13.330576	-0.507993	-4.696590	-66.142260

tansig

0.038575	0.200018	-0.238594
-0.460547	0.460013	0.000534
-0.487296	-0.006226	0.493522
-0.035109	-0.212854	0.247963

0.003663	0.469360	0.526977

purelin

