3

25.615236	0.161998	-0.502376	-1.123530	-1.211701	0.681331
0.700636	-1.098872	1.501857	0.564113	-0.516682	-1.525424
11.195039	0.956418	2.342316	0.927351	0.151781	-0.852526
-3.194057	-3.728858	0.996497	0.292895	0.984648	-0.470774
2.657525	-0.238027	-1.702735	-0.909069	-0.099938	5.348106
-5.841426	0.442629	-1.432229	-0.097219	0.402901	-3.141804
4.643527	-0.359435	0.177352	0.571885	-0.984814	2.060578
0.065926	-0.193328	0.849468	0.438942	0.499830	-4.485840
-5.425972	1.520232	1.080338	-0.522360	0.694435	1.505554
4.168491	1.144530	-0.597047	-0.503695	-0.125493	0.473458
2.969087	1.405763	0.129492	0.166277	-0.010931	0.844083
1.613713	0.497611	-0.282776	-0.051535	-0.331767	0.885830
-3.761178	-0.084085	-0.062132	-0.221468	0.053560	-0.027469
4.071392	-0.530354	-0.130226	-0.146874	-0.043810	0.481758
-17.104885	0.517466	-0.211473	-0.437393	0.196317	-1.038894
-9.215023	0.424061	0.213847	0.169295	0.349578	-0.423167
-2.090452	-0.346046	-0.107042	0.251220	-1.723775	-1.834780
-1.857084	1.952323	0.092068	0.421767	-0.464023	-0.729931
-1.944610	-0.060657	-0.760718	-0.134537	-0.606533	-2.189352
6.763545	-0.932279	-0.206470	-0.193165	0.256490	0.169472
-2.823016	1.377076	0.109100	0.048670	0.351373	-0.594692

-15.408843	-3.695753	-0.187803	-1.913927	-2.300888	-0.830814

logsig

-40.413742	-2.572850	-58.858293	-6.367034
25.513526	2.274595	76.126733	-17.795283
-40.201972	-4.480052	-13.619576	21.835734
25.176851	1.299439	170.585089	-25.529982
86.008347	3.655994	-26.779155	-22.266532
4.263676	4.399147	60.959926	-4.537189

7.716190	-0.098682	-52.562095	3.238457

tansig

-0.001556	0.001556
-0.108757	0.108757
-0.003405	0.003405
0.348834	-0.348834

0.492028	0.507972

purelin

