3

-0.378740	-0.080792	-0.245167	-0.079251	0.008217
-0.816546	0.145732	0.722634	0.118758	0.652488
11.617944	29.064059	10.055478	-2.399893	3.162219
0.340256	-0.149647	0.369940	-0.082732	-0.091949
-0.081819	0.088724	0.093928	0.067394	0.033869
-0.171638	0.124288	-0.188822	0.074999	0.025590
-3.473081	-9.353131	-3.244937	0.797964	-1.071418
-5.788999	-14.476439	-4.980049	1.235291	-1.671651
-0.002006	-0.007593	0.006834	-0.004267	-0.002767
1.071915	-0.279308	0.509607	-0.079480	0.294528
-0.772683	-1.805023	-0.734214	0.192991	-0.116242
0.162054	0.103185	0.171813	0.072727	0.076227
-0.043675	0.041757	-0.032920	0.020167	-0.035514
-0.083975	-0.017304	0.013436	-0.007550	-0.014485
0.034108	0.671326	0.133564	-0.017628	0.191680
-1.577946	-4.264602	-1.601569	0.330999	-0.428605
-0.002260	0.003993	-0.001893	0.002021	0.002239
-0.159307	-0.142195	2.146112	-0.017689	0.102152
-0.022036	0.091634	-0.028962	-0.021971	0.011425
0.210508	0.003893	0.061442	0.012226	-0.016117
0.084132	-0.039334	0.121121	-0.027417	-0.028623
-0.014230	-0.001570	-0.044936	-0.002472	0.003160
0.020185	-0.182270	-0.150136	-0.083087	-0.136843
-0.062627	0.372590	0.101005	0.029132	0.150780
0.001155	-0.000158	0.002849	-0.000029	0.000012
1.400920	-0.371537	0.646786	-0.167169	-0.177810
0.004718	-0.080816	-0.012642	-0.026013	-0.050417
-0.045364	0.002937	-0.008986	0.004021	0.001419
-0.096498	0.030469	0.146570	0.025465	0.064141
0.002010	0.000311	0.002216	0.000367	-0.000241
1.066535	-0.272329	1.157809	-0.119052	0.041162
0.008064	0.061622	-0.257553	0.012952	0.006571
-0.036574	0.011670	-0.045152	0.005829	0.004158
-0.028690	-0.008083	0.202888	0.002911	0.024945
0.002580	-0.000908	-0.000464	-0.000503	-0.000365
-0.010886	-0.088123	-0.175078	0.020261	0.099243
-0.024012	0.036281	0.011360	-0.021966	-0.048395
0.023933	0.056330	0.170908	-0.004055	-0.039902
0.004626	-0.002990	0.008116	-0.002626	-0.006411
-1.889263	-5.098326	-1.647095	0.446546	-0.640932
1.604338	-0.633299	0.408605	-0.463204	-0.683678
0.385082	0.098355	0.157518	0.043766	-0.039146
-0.268275	-0.085841	-0.164796	-0.037710	0.009291
-0.137275	-0.045799	-0.069857	-0.026551	0.002427
0.002414	-0.003246	0.003119	-0.001554	-0.002214
0.090729	0.290316	0.034704	-0.051276	0.035905
1.787047	-0.354644	-0.154090	-0.336311	-0.424652
-0.079996	0.020874	0.001462	0.014232	-0.000122
0.002461	0.000557	0.003512	0.000303	0.001322
-0.088807	0.009481	0.012764	0.020163	0.024948
0.462862	-0.136951	0.147665	-0.094571	-0.263641
-0.004764	-0.011532	-0.007296	-0.008075	-0.011935
-0.000887	0.000455	0.002778	0.000170	-0.000486
-0.076312	0.056490	-0.059793	0.024241	0.041483
-0.371346	0.021653	0.001658	-0.043160	0.013131

-5.507383	-7.102467	-20.053279	-3.928128	-4.376494

logsig

24.865374	-49.587124	-74.831879	-3.571863
-29.795666	31.866319	-61.255230	-12.201426
-19.621195	31.095019	25.069801	2.700316
42.883613	-142.323283	-35.740654	9.206589
11.660204	101.246692	90.887841	2.300910

-31.009692	41.681180	69.774465	-3.577912

tansig

0.002636
-0.367658
0.363225
-0.001018

0.005768

purelin

