Type	B_Start	B_End	B_Peak	C_Index	C_Beg	C_End	C_Peak
BAS	126	237	0	-1	0	0	0	
BAS	237	594	0	-1	0	0	0	
BAS	701	1048	0	-1	0	0	0	
gradualdecel	1049	2411	1424	-1	0	0	0	
accel	2412	2496	2453	-1	0	0	0	
BAS	2497	3290	0	-1	0	0	0	
accel	3291	3459	3375	-1	0	0	0	
BAS	3460	3516	0	-1	0	0	0	
gradualdecel	3517	4119	3925	0	3452	3788	3636	
BAS	4120	4622	0	-1	0	0	0	
BAS	4622	5314	0	-1	0	0	0	
BAS	5446	6275	0	-1	0	0	0	
BAS	6275	6469	0	-1	0	0	0	
BAS	6682	6744	0	-1	0	0	0	
gradualdecel	6745	6956	6846	-1	0	0	0	
BAS	6957	7799	0	-1	0	0	0	
BAS	7820	7919	0	-1	0	0	0	
BAS	7963	8300	0	-1	0	0	0	
BAS	8437	9037	0	-1	0	0	0	
BAS	9037	9636	0	-1	0	0	0	
BAS	9790	10228	0	-1	0	0	0	
accel	10229	10314	10270	-1	0	0	0	
abruptdecel	9695	9789	9745	-1	0	0	0	
BAS	10315	10492	0	-1	0	0	0	
accel	10493	10620	10558	-1	0	0	0	
BAS	10621	10834	0	-1	0	0	0	
accel	10835	10914	10873	-1	0	0	0	
BAS	10915	11359	0	-1	0	0	0	
accel	11360	11497	11426	-1	0	0	0	
BAS	11535	11781	0	-1	0	0	0	
accel	11782	11954	11882	-1	0	0	0	
gradualdecel	11955	12368	12096	-1	0	0	0	
BAS	12738	13038	0	-1	0	0	0	
abruptdecel	13039	13108	13073	-1	0	0	0	
accel	12536	12599	12568	-1	0	0	0	
accel	12657	12737	12690	-1	0	0	0	
BAS	63960	64306	0	-1	0	0	0	
gradualdecel	63079	63252	63153	4	63072	63360	63204	
gradualdecel	62387	62918	62537	3	62516	62904	62756	
accel	64307	64439	64373	6	64188	64420	64300	
gradualdecel	63643	63959	63782	5	63528	64084	63960	
accel	13109	13267	13138	-1	0	0	0	
BAS	64653	64875	0	-1	0	0	0	
gradualdecel	64876	65028	64936	7	64572	64804	64688	
BAS	65029	65444	0	-1	0	0	0	
accel	65458	65590	65525	-1	0	0	0	
BAS	66082	66713	0	-1	0	0	0	
gradualdecel	65647	65894	65778	-1	0	0	0	
BAS	66760	66837	0	-1	0	0	0	
accel	65944	66081	66015	-1	0	0	0	
BAS	66936	67927	0	-1	0	0	0	
BAS	67927	68109	0	-1	0	0	0	
BAS	68280	68465	0	-1	0	0	0	
BAS	68489	69103	0	-1	0	0	0	
accel	68209	68279	68243	12	68028	68248	68132	
BAS	69127	69727	0	-1	0	0	0	
BAS	81688	81943	0	-1	0	0	0	
gradualdecel	81405	81675	81527	15	81136	81524	81260	
accel	81109	81404	81266	15	81136	81524	81260	
BAS	82058	82592	0	-1	0	0	0	
abruptdecel	82593	82677	82642	17	82444	82780	82604	
abruptdecel	81952	82043	81993	16	81912	82180	82060	
BAS	82678	82853	0	-1	0	0	0	
accel	82854	83051	82950	18	82896	83152	83012	
BAS	83112	83652	0	-1	0	0	0	
BAS	83668	84568	0	-1	0	0	0	
BAS	84568	84714	0	-1	0	0	0	
BAS	84728	85178	0	-1	0	0	0	
gradualdecel	85215	85343	85273	23	84992	85268	85124	
BAS	85344	85903	0	-1	0	0	0	
gradualdecel	85904	86234	86112	25	85872	86176	86016	
BAS	86235	87102	0	-1	0	0	0	
BAS	87105	87218	0	-1	0	0	0	
BAS	87317	87717	0	-1	0	0	0	
BAS	87717	88296	0	-1	0	0	0	
BAS	88296	89239	0	-1	0	0	0	
BAS	89239	89547	0	-1	0	0	0	
BAS	89547	89660	0	-1	0	0	0	
BAS	89681	90362	0	-1	0	0	0	
BAS	90519	90863	0	-1	0	0	0	
BAS	92071	93007	0	-1	0	0	0	
abruptdecel	91851	91944	91901	33	91456	91704	91604	
gradualdecel	91646	91726	91683	33	91456	91704	91604	
gradualdecel	90951	91118	91038	-1	0	0	0	
accel	91133	91271	91209	-1	0	0	0	
BAS	93084	93284	0	-1	0	0	0	
BAS	93284	93698	0	-1	0	0	0	
accel	93008	93083	93045	-1	0	0	0	
BAS	93735	94301	0	-1	0	0	0	
BAS	94464	94697	0	-1	0	0	0	
abruptdecel	94385	94463	94423	37	94156	94520	94324	
BAS	95039	95884	0	-1	0	0	0	
accel	94956	95030	94987	38	94736	95044	94908	
accel	94708	94882	94789	38	94736	95044	94908	
BAS	95902	96550	0	-1	0	0	0	
BAS	96572	96798	0	-1	0	0	0	
BAS	97083	97511	0	-1	0	0	0	
BAS	97576	97865	0	-1	0	0	0	
BAS	97865	98635	0	-1	0	0	0	
BAS	98680	99315	0	-1	0	0	0	
BAS	99479	99575	0	-1	0	0	0	
accel	99356	99445	99408	-1	0	0	0	
BAS	99595	100195	0	-1	0	0	0	
BAS	100195	100530	0	-1	0	0	0	
BAS	100557	101074	0	-1	0	0	0	
BAS	101090	101964	0	-1	0	0	0	
BAS	102004	102205	0	-1	0	0	0	
BAS	102225	102709	0	-1	0	0	0	
BAS	103170	103424	0	-1	0	0	0	
abruptdecel	103425	103556	103489	50	103204	103444	103324	
accel	102863	103027	102950	49	102788	103056	102920	
BAS	103557	103863	0	-1	0	0	0	
abruptdecel	103034	103169	103098	49	102788	103056	102920	
BAS	103887	104640	0	-1	0	0	0	
accel	104641	104744	104693	-1	0	0	0	
BAS	104748	104896	0	-1	0	0	0	
BAS	104953	105349	0	-1	0	0	0	
BAS	105547	105927	0	-1	0	0	0	
BAS	107624	107821	0	-1	0	0	0	
gradualdecel	107211	107454	107336	-1	0	0	0	
gradualdecel	106880	107069	106960	-1	0	0	0	
gradualdecel	106121	106350	106227	-1	0	0	0	
accel	106689	106879	106784	-1	0	0	0	
accel	105959	106089	106026	52	105516	105772	105656	
BAS	108032	108290	0	-1	0	0	0	
accel	108291	108432	108360	-1	0	0	0	
accel	107483	107623	107552	-1	0	0	0	
BAS	108433	108597	0	-1	0	0	0	
BAS	108597	108642	0	-1	0	0	0	
gradualdecel	108643	108811	108721	-1	0	0	0	
BAS	108812	109109	0	-1	0	0	0	
BAS	109395	109559	0	-1	0	0	0	
accel	109113	109306	109214	-1	0	0	0	
BAS	109640	110225	0	-1	0	0	0	
BAS	110371	110653	0	-1	0	0	0	
BAS	111424	111466	0	-1	0	0	0	
gradualdecel	110832	111024	110925	-1	0	0	0	
accel	111032	111185	111109	-1	0	0	0	
accel	110660	110798	110724	-1	0	0	0	
BAS	111613	111903	0	-1	0	0	0	
gradualdecel	111209	111423	111313	-1	0	0	0	
BAS	111984	112275	0	-1	0	0	0	
accel	112276	112402	112340	57	112168	112432	112336	
accel	111481	111612	111547	-1	0	0	0	
BAS	112403	112651	0	-1	0	0	0	
accel	112652	112841	112758	57	112168	112432	112336	
gradualdecel	112842	113071	112949	-1	0	0	0	
BAS	113072	113136	0	-1	0	0	0	
BAS	113146	113450	0	-1	0	0	0	
accel	113451	113585	113520	58	113364	113584	113484	
BAS	114091	114176	0	-1	0	0	0	
gradualdecel	114177	114804	114470	-1	0	0	0	
gradualdecel	113596	113780	113681	58	113364	113584	113484	
BAS	114805	114977	0	-1	0	0	0	
accel	113787	114090	113922	58	113364	113584	113484	
gradualdecel	115213	115459	115323	60	115160	115632	115488	
BAS	115460	115510	0	-1	0	0	0	
accel	115511	115632	115573	60	115160	115632	115488	
BAS	115633	115878	0	-1	0	0	0	
accel	114980	115175	115082	59	114844	115148	115012	
BAS	116020	116358	0	-1	0	0	0	
accel	116359	116468	116414	62	116168	116448	116312	
accel	115895	116014	115958	61	115724	116052	115880	
BAS	116469	116741	0	-1	0	0	0	
accel	116742	116857	116805	63	116576	116868	116712	
BAS	116977	117178	0	-1	0	0	0	
accel	117179	117288	117240	64	117028	117288	117176	
abruptdecel	116858	116976	116911	63	116576	116868	116712	
BAS	117736	118055	0	-1	0	0	0	
abruptdecel	117289	117488	117344	64	117028	117288	117176	
accel	118056	118161	118112	65	117888	118112	118012	
BAS	118253	118472	0	-1	0	0	0	
accel	118473	118624	118554	66	118356	118616	118500	
abruptdecel	118625	118733	118677	66	118356	118616	118500	
abruptdecel	118162	118252	118202	65	117888	118112	118012	
accel	117489	117735	117588	64	117028	117288	117176	
accel	118738	118792	118811	66	118356	118616	118500	
abruptdecel	118793	119503	119124	66	118356	118616	118500	
BAS	120215	120332	0	-1	0	0	0	
gradualdecel	120333	121216	120630	67	120560	120792	120680	
abruptdecel	119562	119729	119636	-1	0	0	0	
accel	119504	119561	119472	-1	0	0	0	
BAS	121217	121680	0	-1	0	0	0	
BAS	121827	121889	0	-1	0	0	0	
accel	121690	121826	121748	68	121128	121428	121276	
BAS	122183	122409	0	-1	0	0	0	
gradualdecel	122410	122552	122491	-1	0	0	0	
BAS	123573	124009	0	-1	0	0	0	
abruptdecel	123137	123228	123183	-1	0	0	0	
abruptdecel	122716	122804	122757	-1	0	0	0	
gradualdecel	121913	122182	122047	-1	0	0	0	
accel	122566	122710	122654	-1	0	0	0	
BAS	124191	124441	0	-1	0	0	0	
abruptdecel	124023	124160	124091	-1	0	0	0	
gradualdecel	123381	123572	123452	-1	0	0	0	
