3

0.425490	1.110311	0.035861	-2.915223	-3.982400	1.894127
0.112272	4.228242	-0.662504	6.655248	-8.810141	1.180345
-0.185221	-4.461567	0.785171	-5.676235	8.833360	-1.428629
2.086583	3.377357	0.197949	1.151153	1.390890	2.090601
1.974148	-15.606115	0.145820	1.883969	3.664785	2.096609
-1.756926	16.490528	-0.038915	0.130496	3.676832	2.357423
0.191560	-0.699091	0.158726	0.552347	2.556652	-2.337538
0.014751	1.400049	0.018193	-0.703052	-0.816692	0.750102
0.787952	5.842731	-0.269743	0.194021	2.175266	1.159378
-0.107138	-12.910051	0.075606	1.322519	1.603213	-1.090746
-1.927562	3.170624	-0.036074	-1.109440	-0.708841	1.033092
-1.815132	-6.059261	-0.285875	-1.992373	-3.560781	1.400760
-0.319397	-38.067409	-0.301082	0.348762	-0.032646	-0.452056
-2.745313	19.338645	-0.058690	-1.302710	-2.684755	-5.412758
0.159006	3.606307	-0.017609	-2.199210	-0.030977	1.444164
0.469514	-23.049573	-0.125732	0.271152	1.094819	1.408948
0.630728	4.548545	0.031104	0.153474	0.156165	0.250120
0.417192	9.978305	-0.154535	0.362738	-0.825217	-0.220209
0.003546	-5.373648	-0.003465	0.019912	-0.170149	-0.275442
-0.060742	3.568062	-0.079182	0.202627	0.175619	1.488770

-4.178817	-65.200992	0.173943	-3.916863	-2.064428	-5.644342

logsig

-34.415538	199.098617	2.006226	-11.325152
-3.620433	-13.723327	3.206828	261.226304
6.399518	18.536304	-5.681620	-10.484316
-1.691156	24.587790	-3.964683	-3.093631
-1.532421	-9.527851	1.706646	1.282497
0.579613	5.574946	0.076197	-2.740715

-2.824282	-9.180282	2.174488	5.580877

tansig

0.000330	0.477594	-0.477925
-0.172242	0.163240	0.009002
0.174178	0.131262	-0.305440
0.152007	0.014142	-0.166149

0.496673	0.491199	0.012128

purelin

