3

-0.650516	3.170345	2.042284	-0.209672	6.635507	-0.840984
-0.454501	3.715900	-1.029421	0.266050	-4.891134	3.697573
0.599039	-0.914243	-0.394345	-0.280452	4.190724	-3.162002
5.828364	0.128780	-0.384541	-0.345382	0.040432	-0.433416
4.889493	0.166177	0.882670	-0.510838	-3.265497	-0.061359
0.142857	-0.641192	-4.469801	0.017453	-6.994113	-0.158760
-0.433660	-1.301717	3.264966	-0.702712	-6.949911	-0.995212
-0.172303	1.960823	-0.048910	0.102094	4.113556	0.007000
1.901268	-1.905573	1.735037	0.822972	-4.605782	-1.358130
-0.044435	23.036029	-0.140981	-0.017797	-2.091143	0.003628
-2.696927	-0.997016	-0.268289	0.246133	2.053154	-0.918418
-7.251841	1.256439	-0.230589	0.229454	1.628329	1.284454
-0.716753	-1.934670	1.453496	0.401027	-2.611261	-0.407427
-7.644051	3.162358	-0.428661	-0.504120	-0.282412	0.674780
3.386511	-4.267422	-1.377065	0.367421	-0.895077	-1.291288
-0.798852	1.697352	1.668456	0.023496	-5.320488	0.891473
1.082112	-0.868508	0.289834	-0.032176	0.626360	-0.261525
1.303420	0.271724	-0.416974	0.610181	3.055564	0.279659
-0.108821	0.082339	0.118568	-0.017856	0.279799	0.055909
0.318273	-0.907758	-0.190479	0.094505	-0.577735	-0.042387

0.267883	16.489991	-4.060377	-2.211329	4.712556	-0.497719

logsig

-3.640399	-3.325729	-1.953220	-1.672436
2.578322	2.291753	8.170240	1.409290
-5.548990	-4.917755	-1.844235	-1.500220
2.739345	2.635073	-4.813078	2.569108
0.690899	0.452899	1.921574	-0.471533
-5.956341	-5.231692	-2.772265	-2.400916

3.725652	3.273632	-8.044554	0.549477

tansig

-0.043528	-1.155691	1.199219
0.041148	1.453419	-1.494567
-0.440609	0.465442	-0.024832
0.501861	-0.320111	-0.181750

0.052505	0.474252	0.473243

purelin

