3

-0.127581	0.219409	5.024427	-0.698700	0.364006	4.301594
-0.122869	-7.377322	-12.245350	-6.814442	0.437238	0.313546
0.222148	6.334469	5.599668	7.271883	0.244062	0.448259
0.515838	-0.447668	14.180103	0.516575	7.281955	-0.132202
0.126171	0.867155	-5.672841	0.271737	6.610238	-0.735385
-0.345786	-7.018288	-7.552522	0.081476	-0.047498	-3.769901
0.331099	3.921345	4.227392	-0.044794	0.109350	-1.552627
-0.038206	1.283023	5.435032	0.755718	-0.660168	0.597716
-1.007326	0.920279	20.528453	0.525163	1.416625	-1.210413
0.013346	-0.286819	2.544922	0.100490	-0.137954	-1.019398
-0.325009	-0.481321	1.716791	-0.359550	-8.153520	-0.270547
0.102830	0.417037	-6.559341	0.034057	-5.255086	1.849290
-0.288134	2.618900	-8.661958	0.571451	-1.026518	-1.826775
-0.499415	-0.168920	-19.112747	-0.487047	-6.422788	0.333595
0.157547	1.049157	-4.476155	1.374877	-4.926216	1.522788
-0.287118	0.995654	15.449058	-1.060330	-0.348228	-1.817513
-0.171411	0.009241	1.602156	0.010838	1.345192	0.146494
-0.156858	0.516863	8.281614	0.166880	1.944270	0.157544
0.019754	0.031713	-2.011023	-0.081103	0.030673	-0.157577
-0.157196	-0.133845	4.016549	0.045752	-0.163625	0.055310

2.898136	-6.734634	7.900994	-1.429103	-2.138945	2.586525

logsig

-11.266363	1.526125	-1.489868	-0.167742
-6.457332	3.821121	0.009589	5.293905
-4.315664	0.270321	0.004726	-0.193767
10.244928	-4.363349	-0.055915	-5.357485
-2.146858	1.429691	0.045718	1.586862
-7.252321	-0.473954	-1.014554	6.422368

19.380480	-1.345985	3.726468	-6.409956

tansig

-0.083313	0.200490	-0.117177
-0.451977	-0.003115	0.455092
6.046581	-5.749190	-0.297391
0.291570	-0.219930	-0.071640

-5.120812	5.332816	0.787995

purelin

