3

7.453426	0.008880	8.163306	0.508175	3.643986	-15.713004
-0.377448	0.441934	2.798536	-3.755576	-0.589166	-3.150430
2.057365	2.143732	1.994510	-2.982666	0.730692	4.881706
4.962123	-2.734474	0.679094	-1.860858	0.864980	10.145525
-1.187113	-1.605884	-1.848454	4.395872	1.074333	-15.794363
0.656825	-0.832215	-2.073306	1.104262	-1.001699	-7.132982
-1.694568	1.020045	-2.839473	0.031106	0.179360	0.903258
3.340769	-0.054072	0.173794	-3.344755	1.771991	-8.548551
-3.900528	-0.234236	6.646667	1.090169	-2.894199	9.416927
-1.600196	-0.150824	1.128577	0.914254	-1.811723	-1.660339
0.579775	0.779145	-0.071919	1.331074	0.419084	-3.190252
0.658391	0.449600	-1.436531	0.397313	0.675653	-5.506824
-1.002131	0.080437	-2.402071	0.362572	0.355071	1.182154
-1.365792	-0.493981	-4.104717	-0.044113	-0.114708	-10.774434
-1.833982	0.771075	2.587174	0.069793	0.232809	15.411972
0.684391	0.480089	4.001441	0.540567	1.336463	13.369111
-0.258464	0.384661	1.029752	-0.375748	0.730794	8.337230
-1.833510	1.350309	-1.765243	-0.805309	-0.975250	-10.379051
-0.979295	-0.474410	1.193601	0.068209	0.342904	-8.074220
-0.660327	-0.411628	0.209529	0.064569	-0.343836	-0.611686
1.190268	0.566424	1.118738	-0.547357	-0.905117	-11.666668

-8.955783	-4.276421	10.281507	-1.563260	-1.273720	-21.439602

logsig

-12.121315	-3.355233	-2.184602	-6.245129
-17.343197	0.014848	0.309422	-0.970501
14.570879	-20.379596	-2.413868	-2.981527
-9.895560	-7.396632	-13.723378	6.240602
8.553804	-1.218627	6.639283	1.268702
5.798499	-3.347193	1.387696	-1.546984

-12.210385	2.963697	1.021936	8.961800

tansig

0.338952	-0.338952
-0.064190	0.064190
0.105650	-0.105650
0.056185	-0.056185

0.385633	0.614367

purelin

