3

-0.028873	-2.435977	3.694256	10.709880	0.550021	-0.985714
0.063447	4.707883	0.040383	-0.665481	-0.364792	-3.620911
-0.060608	-3.495668	-0.962229	-0.766586	-0.016466	3.629487
0.129250	2.165759	-2.494940	-1.845296	1.106648	0.547250
0.095521	2.313235	-3.296513	-0.879378	1.181353	-0.001560
0.044716	0.145801	-3.048179	-0.039400	-2.515709	-1.923897
0.069365	-0.357466	-2.949613	2.333318	1.212181	1.696781
-0.040494	-0.373548	1.297458	1.611030	0.105630	0.476231
0.017643	-0.492528	-3.018667	-6.109504	0.631080	-0.654612
0.014299	0.727167	-2.048926	-1.190748	-0.160532	0.286996
0.003045	-2.844621	1.995410	2.149017	-0.704246	-0.496813
-0.170824	-1.494244	3.345108	6.907792	-1.365131	-0.551743
-0.011596	-0.840374	-2.253834	0.771732	0.141822	0.279652
-0.145473	-1.839029	1.316677	11.995707	-1.924917	-1.259334
-0.007138	-1.843720	3.627220	-11.853105	0.278808	2.223005
-0.115162	0.951332	0.008365	1.488675	0.758145	-0.995241
0.030138	0.341115	-1.341611	2.301976	0.569440	0.268757
-0.076627	0.734455	1.234974	-2.227250	0.090587	0.082355
0.044358	-0.076934	-0.697181	-1.325151	-0.029826	-0.168306
-0.018587	0.043346	1.446327	2.094075	0.092353	-0.791082

0.223008	-1.884084	1.370476	-15.341628	-3.879281	-0.870216

logsig

2.553509	-12.244468	-15.569588	15.478940
1.977352	-2.501440	-5.365349	-3.526855
-6.215736	-1.474453	0.144130	1.848265
-0.360668	-1.104294	-1.006860	1.303326
-0.484121	-3.234854	-11.566259	-17.224830
1.354897	-1.837846	-0.918363	2.279051

-5.524046	8.298106	13.060403	-10.346007

tansig

0.285385	2.326119	-2.611505
0.467700	-0.089264	-0.378436
0.025471	0.085077	-0.110548
-0.033757	0.386696	-0.352940

0.756007	2.716403	-2.472410

purelin

