3

1.636692	-0.671243	1.652509	-0.452968	3.449573	6.618573
0.853916	-0.949668	4.746382	-0.492163	-2.042548	1.310048
1.457428	0.308783	-1.284964	0.065367	-1.489775	-3.281106
0.301387	1.840785	-0.729778	0.079332	-1.534925	2.863982
-0.382482	0.555033	-1.171639	0.715561	0.214603	0.400570
-1.714939	0.293221	-5.478903	-0.209037	2.699481	1.632990
-0.342800	-0.615566	-0.925026	-0.077677	-2.371616	-2.760508
0.938894	2.723950	0.720760	-0.027319	-0.307209	-0.090732
-0.170657	-1.657163	1.956834	0.013515	1.711368	3.725742
0.282604	-0.477760	2.939253	0.216207	-0.153502	-1.545103
0.291622	-0.691289	0.510262	0.281140	0.443938	1.348334
-0.708026	-0.187552	-3.694733	-0.254155	0.877840	-2.750278
-0.194869	-0.364121	-2.164434	-0.189942	0.164358	0.934917
-0.311439	0.169785	-1.509341	0.133168	-0.281468	1.563762
0.077860	0.283188	-3.495290	0.138173	-0.575719	-6.179875
0.108414	-0.055033	2.801033	-0.146084	-0.899107	-4.997037
0.470284	0.164542	-1.753130	0.118354	0.562857	2.493062
-0.010879	0.238850	-3.507130	0.141388	0.427374	-4.806108
-0.102930	-0.173860	2.987823	-0.152683	0.060725	3.836361
0.272574	0.225358	-2.789808	0.265234	-0.173544	2.715081
0.807126	0.365733	-4.177635	0.548999	1.037846	-1.817887

0.394393	3.790904	0.383029	0.870452	-2.530603	3.389938

logsig

10.804068	-15.046412	3.420715	8.859443
-4.439509	-16.466629	11.724681	7.115005
-4.960036	4.581028	1.671773	2.281598
-4.123422	33.687228	-1.221821	-4.902181
-8.888573	9.799639	0.853316	-4.043260
3.551188	-5.764837	-2.367342	-0.744093

-4.946110	0.714271	-15.040037	-7.634351

tansig

-0.304123	0.304123
-0.335136	0.335136
-0.286789	0.286789
0.124307	-0.124307

-0.101435	1.101435

purelin

