3

-0.606467	0.885019	4.599096	0.406564	-0.776997	-0.813303
0.279446	-0.343710	-5.378844	-0.098732	-2.839247	2.270091
-0.179211	0.007254	3.047389	1.196114	3.920320	-2.244156
-0.346993	0.423039	0.215540	11.312770	1.137517	-0.518083
0.123201	-0.945339	-0.318382	10.836205	-1.043173	-1.107801
1.058932	-1.519784	-2.769675	-8.593901	-0.256963	1.066326
-0.108661	-0.360325	0.073810	-1.457991	-1.635089	0.743593
-0.237238	0.016785	0.025235	-0.406431	-0.174686	0.124695
0.266455	0.337625	1.519623	4.751383	0.494405	0.436174
0.075660	-0.040515	1.979706	-0.287509	0.124361	-0.180965
0.034211	-0.068535	0.134468	-8.056813	0.122110	0.297015
-0.023090	0.315761	-0.080506	-12.960955	-0.302581	1.338751
0.414345	0.838987	0.520479	3.215425	3.686704	-0.285012
0.368547	-0.394624	0.924370	-12.656743	-3.385976	0.063975
0.141023	-2.371471	-1.861279	-6.074999	-0.411861	0.801661
0.109061	1.138895	0.530134	0.223797	-0.990029	1.024845
0.018159	0.403400	0.234775	4.772466	0.941657	-0.347744
-0.003527	-0.625184	-0.047788	2.594557	-1.534811	0.079889
0.004439	0.098852	0.031084	-0.161088	0.180367	-0.203864
0.008576	-0.200451	0.018388	0.114022	-0.629034	-0.007998

-2.002697	0.839929	4.165237	-1.255400	1.616820	-3.769451

logsig

1.837055	7.607242	20.976852	-2.997758
-3.359487	3.907772	-0.115157	9.511252
3.510930	-5.689743	-8.133589	-10.788529
-0.524146	0.653774	-0.242585	3.579682
2.011153	-2.386554	-0.480171	-6.283382
2.153660	-3.493635	-9.934701	-12.906184

-2.732768	4.154236	9.423843	5.926347

tansig

0.442716	-0.274157	-0.168560
0.458342	-0.493465	0.035124
-0.435297	0.449461	-0.014164
-0.056504	-0.243894	0.300398

0.458506	0.056316	0.485178

purelin

