3

0.145978	0.325936	2.483289	0.096453	2.241843	1.812465
-1.705792	-0.594311	0.286266	0.684178	-7.980770	-2.502210
2.046816	0.829813	-0.184348	-0.860876	8.997755	3.185541
0.086909	0.848132	11.587613	-0.132449	-0.343304	1.566511
0.106063	1.423421	14.249813	-0.103086	-0.103067	-1.405011
0.033292	0.775137	-6.920930	-0.683630	-1.174362	0.187123
0.058313	0.082935	1.753736	0.163056	-0.221270	1.695803
0.041090	-0.150331	-0.641739	0.008761	1.528052	0.753024
-0.340671	-0.066276	8.620095	-0.026607	0.341649	-4.637142
0.071275	0.042585	-0.339661	-0.039699	-0.565190	-0.339115
0.073844	-0.034960	-9.308247	-0.028458	0.042386	-0.298386
-0.155578	-2.072627	-14.242698	0.162377	0.262483	3.666698
-0.296142	-0.582941	1.861985	-0.063285	-0.016205	1.941336
0.445214	-0.239716	-13.991671	-0.114200	0.461377	1.701549
-0.241899	-0.487513	-8.893807	0.146729	-0.882789	-2.827230
-0.886007	-1.848485	0.986161	0.648142	0.477170	-0.957909
0.041596	0.591345	4.442885	-0.054386	-0.091520	-0.184018
-0.062752	-0.070120	3.918226	0.025220	0.094937	-1.470070
0.010730	0.015537	-0.226998	0.014491	-0.006678	0.189372
-0.045787	0.238388	0.444544	-0.001628	-0.038989	-0.804212

-3.695505	3.110578	-1.966534	0.122902	5.217555	-11.957710

logsig

12.754207	15.241194	-53.033556	-10.295063
-10.154374	-4.050022	-0.589869	-6.798717
0.716285	-1.977720	-0.570124	-2.264572
7.278298	-18.733113	-7.254265	-18.047608
-4.141721	14.954745	4.918067	11.258489
0.667614	-1.211933	-3.635481	0.597976

-1.307527	-1.686892	0.708263	7.809155

tansig

0.463278	-0.371236	-0.092042
-0.005663	0.098004	-0.092341
0.484491	-0.467802	-0.016689
0.023095	0.344132	-0.367226

0.958132	-0.350540	0.392408

purelin

