3

1.876250	-33.987333	0.425750	0.419274	0.417411	2.282913
-3.185011	7.187169	0.370846	1.160152	3.862265	-2.280099
1.906680	0.030180	-0.077328	-1.289852	-4.270768	0.570444
0.239645	37.373908	0.623132	-4.515789	-0.197205	-1.458042
-0.247391	-5.720212	0.069900	-5.687634	-0.797668	1.321532
-0.259409	14.937387	-1.326927	-0.055789	-0.360045	-11.164237
0.053715	10.179700	-0.146705	-0.017875	-0.056777	5.243138
0.002758	-2.974490	-0.043946	-0.231740	-0.436242	0.376999
0.088367	41.313074	-1.196930	-0.664374	-1.069798	2.815418
2.288102	5.609924	-0.017056	-0.182159	0.017984	-0.702303
0.015146	-25.778860	-0.395174	0.933456	-0.695370	-0.496716
0.008898	-18.508895	-0.003902	8.556250	1.359269	0.616574
-0.689836	-32.821685	-1.230246	-0.798843	-1.481631	2.809276
0.662086	-8.198886	0.571561	5.401021	1.117172	-4.088238
1.553622	20.303547	-0.304073	0.133418	-0.913271	0.961734
0.525495	2.596970	-0.113665	1.190290	2.455910	2.307729
0.088521	35.951126	0.065544	-0.810402	0.165821	-0.412751
-0.089046	-1.061005	-0.110827	-2.026327	-0.412237	1.080886
-0.107835	4.881856	0.006961	0.360123	-0.065349	0.481404
-0.192354	-5.763501	-0.099966	-0.524335	0.090092	-0.615018

5.196640	104.656952	1.432491	0.338083	1.009385	-10.934963

logsig

15.491864	-11.332387	11.962305	7.497101
0.292476	2.201452	-2.114460	2.093846
15.506136	-5.962749	-1.573783	-2.702191
-23.483216	-2.202006	1.891487	-0.091931
-4.356773	3.928571	-3.512830	-0.776246
-9.668162	5.211187	-4.551427	0.325811

13.802648	12.847804	-6.463922	-8.111550

tansig

-0.229496	-0.196727	0.426223
0.315729	-0.357567	0.041838
0.327299	0.108115	-0.435414
0.200775	-0.141207	-0.059568

0.435898	0.545624	0.018478

purelin

