3

-1.550600	-0.121769	-0.240212	5.384476	-2.232115	-0.937731
-0.059711	0.092769	-0.349993	4.637476	2.338500	0.163363
0.137333	-0.090614	0.242043	-8.827299	-1.367817	0.157416
-5.023712	-0.122954	0.496994	4.291237	0.513161	0.643290
-4.834041	-0.138663	1.194226	7.511910	0.728026	0.939568
-1.292123	0.078024	-3.013786	9.334562	-0.024108	-0.338876
1.016355	-0.103551	0.733963	8.155997	0.143567	0.062427
0.107271	0.008777	0.054732	-7.058192	-0.683868	-0.191098
-1.604601	0.281322	0.336824	0.590025	0.390099	0.457505
0.495194	0.006864	0.046945	0.376248	0.546893	0.158304
4.044904	-0.003863	-0.333230	-1.529049	-0.473691	-0.381624
4.625713	0.160302	-1.233811	-8.949412	-0.677343	-0.960190
2.988507	0.042499	1.029493	3.862049	0.261585	0.248619
4.365785	-0.005702	-1.996598	6.941759	-1.116487	-1.411160
1.389579	0.069862	0.540141	-17.045699	0.207294	0.630537
-0.040887	0.140602	0.114984	0.794061	-0.167922	-0.501565
-1.007162	-0.068392	0.373336	2.739655	0.209837	0.351335
-1.584882	0.118836	-0.360440	-3.250863	-0.016005	-0.183829
-0.037908	0.008118	-0.040743	-0.916013	-0.045436	-0.041883
-0.069742	0.015356	-0.025481	0.977878	0.180086	0.056598

1.084258	0.261821	-3.632176	-3.274379	-3.565042	-2.880290

logsig

-4.225590	3.815852	-2.168376	1.079629
10.032306	-10.110549	9.649273	10.480731
1.486069	-2.438314	8.109245	-7.473874
1.480103	-1.374270	1.004681	1.007679
-2.024835	-0.515715	15.616038	-13.040311
-1.500908	3.945338	-16.746714	14.093913

-2.408967	2.898531	-3.994151	-7.656604

tansig

0.100442	-1.749852	1.649410
0.118310	-1.956958	1.838648
0.024971	-0.668979	0.644008
0.497420	-0.027520	-0.469900

0.489288	0.496209	0.014503

purelin

