3

-1.893564	12.580050	1.182511	-3.222282	1.116273	1.430618
-0.300479	3.823797	-7.112157	0.396304	-0.621973	-2.380311
0.374202	7.338232	-5.806052	2.508717	-1.274441	-1.702544
-3.176134	1.873916	-4.374033	-1.470578	0.229964	0.404827
-0.663966	-7.069244	15.370907	-2.027229	1.361324	2.202920
0.307786	-4.001035	-6.288013	-1.965106	0.557668	1.684586
0.263528	-2.292105	4.198016	-0.664578	-0.494316	-1.534433
-1.291577	1.973092	-11.220361	1.032692	-0.395084	-0.577180
0.932054	8.028293	5.950132	1.765939	-0.167004	0.222924
0.624257	0.728497	3.347038	0.634387	-0.006370	0.645911
1.294358	-2.000986	1.223012	1.086298	-0.168962	-0.319828
0.200682	-1.238638	4.893022	-1.152449	0.143138	-0.245107
0.492072	-1.148537	-2.173863	0.017861	0.340120	-0.085264
0.238514	-7.481375	0.742707	-0.098235	0.196262	-0.291497
1.132389	-1.628078	-1.915721	0.266374	-0.155726	-0.993024
0.455038	4.675903	0.273995	0.630795	-0.114599	-0.455366
0.232762	0.576593	-8.119220	0.379686	0.063011	-0.459060
1.372915	-2.139062	-1.031513	1.388960	-0.337846	-0.282543
0.164748	-1.117726	-8.065400	-3.159846	0.840792	0.249582
-0.636338	-0.678737	1.210162	-2.416187	0.521507	-0.026094
0.351733	1.849492	0.535346	-1.440759	0.110764	0.480662

-3.236677	10.911770	-3.931925	-2.242794	1.821089	-0.411361

logsig

-13.616651	-0.907563	-17.438095	0.268844
-7.906891	1.231546	8.187739	7.168218
-6.992839	0.150046	-6.370177	-0.588478
-4.862611	-0.222962	9.749106	-3.825584
-4.322438	-0.455127	23.235117	2.718017
5.114930	-0.812836	-12.856269	-0.367268

5.766000	-2.138991	-19.293200	1.440062

tansig

0.070619	-0.070619
1.385707	-1.385707
0.383630	-0.383630
-0.025490	0.025490

1.871986	-0.871986

purelin

