3

-8.308804	0.111607	-0.537115	0.207337	-0.511920	-0.022845
3.631538	-1.989388	-2.285154	0.652427	0.905268	2.668962
7.013793	2.438957	-2.797048	-0.091923	1.173634	-0.568822
1.409575	-3.577122	-0.661105	0.116463	0.084959	0.193988
-7.595787	-1.111985	2.293106	1.298629	-1.126872	1.735430
1.150896	0.260240	2.225594	-1.598825	-0.355283	-1.955991
0.619251	-0.984391	-0.503719	1.002372	0.578488	0.013948
4.370676	-0.883749	-1.390971	-1.419357	1.025478	0.627382
-0.383998	1.496182	0.086102	0.458152	0.488883	0.285507
0.241003	0.696207	0.736598	-0.063053	-0.796861	0.654303
0.840747	1.195008	-0.046119	0.554713	0.454302	1.728018
-1.009651	0.583735	0.172451	0.067403	-0.164579	-1.839623
0.097174	-0.187083	-0.134317	0.048033	0.755387	-1.933243
-0.405624	0.506389	-0.306694	-0.062704	1.995484	1.288987
6.215538	0.326075	0.119595	-0.020622	-4.478248	0.873624
3.889499	-0.714376	0.402172	-0.407790	-5.146091	-4.934932
-1.427273	0.473651	-0.054353	-0.530497	-0.047633	0.706236
0.643497	1.906926	-0.510291	0.453883	1.017136	1.441210
-1.213877	-0.048963	0.813675	-1.412590	-0.020708	-0.931342
-1.348470	-0.797589	0.344659	-0.146460	-0.140239	-0.418729
3.631758	0.499027	0.009071	0.192206	-0.227081	-0.372978

-12.838538	-4.187047	-0.131626	-0.222099	-5.055127	-7.228359

logsig

-4.183356	-0.620077	-3.555823	-2.383697
6.377266	0.372149	-16.655591	-2.051000
1.958424	-0.568986	-20.537960	-3.530209
5.537667	-2.045594	-17.636522	-2.638013
-3.943062	-1.130779	-19.369006	-1.073590
-8.936006	9.802283	9.270614	2.789152

8.805347	-9.692385	21.553886	2.724389

tansig

0.434404	-0.434403
-2.445998	2.446037
0.264977	-0.264977
0.210931	-0.210931

-2.367192	3.367231

purelin

