3

-5.974133	-0.152223	4.893743	0.213359	0.390629	1.025889
3.850537	1.720156	4.232372	-2.425274	0.606643	-1.754761
8.174924	3.204190	3.944105	-1.667806	3.505662	-1.788869
-2.701124	-0.571258	1.648781	-2.665616	1.149927	-0.064614
1.171678	-1.929381	-4.455554	1.645197	-2.479100	1.289526
-10.296959	-1.800401	-3.727564	1.972662	0.178712	1.377865
4.845238	-2.524439	-1.461374	-0.050935	-0.661127	-0.262964
0.028349	0.689967	2.193011	-1.583873	2.803424	-1.615375
-4.142885	0.718925	3.873595	0.187923	-0.779105	0.797860
1.915049	-0.906205	0.314423	1.092982	-1.869954	0.758322
0.505382	-1.717818	-0.895085	0.913678	0.589877	-0.391014
1.670057	0.563577	-0.515463	0.595345	-0.102321	0.130906
-9.371377	-1.315200	-3.106705	-0.115857	1.978230	-1.171524
1.526792	-0.483086	-4.447713	-0.069577	0.717306	-0.430339
5.701649	0.014975	3.785103	0.406886	1.775306	-2.561234
2.305149	1.665621	3.667286	0.098242	0.561253	-1.301766
-2.407057	0.297460	0.784023	-0.488791	-0.103419	-1.020948
2.322057	-1.391102	0.092869	0.789755	-0.989432	0.570294
0.516888	1.662118	-0.463468	0.008097	-0.112668	-0.587067
-0.752082	-0.200813	-0.545200	-0.183653	-0.571620	0.029706
1.608025	-5.478137	0.362886	1.224883	0.541426	-0.333516

-9.885553	-2.278034	6.258705	-2.145651	-6.093663	1.200792

logsig

-1.863305	-1.880046	-4.030741	-1.472540
-0.900206	4.307454	6.948291	3.434455
0.719593	-0.005452	2.537188	2.396602
1.294413	5.576855	9.259043	-6.849934
0.256352	0.082017	-7.346688	-0.347961
12.929748	-0.384453	-8.113906	-0.890207

2.244015	-1.878579	4.105045	-3.603980

tansig

1.695171	-1.695147
-0.421580	0.421580
0.416909	-0.416909
0.476570	-0.476570

-1.183329	2.183305

purelin

