3

0.971760	-0.416935	-7.289027	1.076371	5.879465	-4.399016
2.285798	-3.385434	-2.258915	-1.498926	1.283677	-1.008937
2.555470	-5.741723	3.678626	-1.474821	1.022042	-2.087287
0.534003	-1.663989	-2.665977	-1.658054	0.040202	0.886758
-1.265931	5.493857	3.309082	1.460875	-2.180435	-0.204882
-3.143952	0.798756	-2.782914	1.015325	-0.264181	3.448853
0.341671	-0.416928	-8.734614	-0.203896	-1.599043	-1.529649
0.983088	-3.823249	-2.508722	-0.372795	0.339822	1.793077
0.233306	0.008751	1.773559	-0.046146	2.720104	-1.086392
-1.077566	1.314879	-3.231039	0.832459	0.689876	0.309217
0.115168	-1.330542	12.056481	0.130880	0.151835	-0.440677
0.322724	0.287333	-1.542714	0.407678	-0.541271	-1.310562
-0.188164	-0.015145	4.388992	-0.250848	-1.123230	0.709379
-0.345032	0.350939	-1.591588	0.228435	-0.665383	1.062765
-0.180377	2.166059	2.781773	0.213594	-0.039011	3.235972
0.346668	-0.563506	3.238012	0.120174	-1.089750	1.887048
-0.388585	0.983949	1.949746	-1.819680	1.084125	-1.655122
-1.068730	-0.834648	-0.049768	-0.661225	0.461893	-1.449161
-0.115621	2.121474	7.983707	-0.764367	0.406948	-0.732664
-0.286135	0.467519	1.636985	0.042296	-0.201712	1.711535
-0.072421	-1.698257	-0.412168	0.340532	0.799727	-1.383972

-0.297476	10.375913	-6.274840	-1.786494	4.604244	1.372633

logsig

3.583503	-5.518336	-0.942692	-10.957939
-4.972675	-4.434558	16.568785	-5.964200
0.632509	2.650409	0.945628	5.316214
-8.272282	7.039216	0.888180	13.720731
0.484312	-8.578147	-1.451135	-21.061175
1.525489	-3.716063	-7.886131	-7.412815

2.014331	13.523059	10.984337	26.649853

tansig

0.099557	-0.099557
-0.654373	0.654373
3.626602	-3.626602
0.287624	-0.287624

-3.120809	4.120809

purelin

