3

-0.049620	-3.626292	-0.515927	0.068771	1.011813	-0.492514
0.034197	1.969373	0.891587	5.667266	-0.738796	-0.405416
0.408263	-4.155406	2.517405	6.522491	0.521787	0.478330
0.460963	2.596731	-15.608919	-0.174750	1.686257	-0.783093
-0.607242	-1.959104	-1.209137	-7.055153	0.375353	-0.053462
-0.013446	0.267052	-3.527635	-4.514346	0.251324	0.090319
-0.977306	-1.434822	5.782499	1.370358	0.618773	2.129963
0.835288	-0.366815	-0.472977	4.395115	1.656621	-0.101056
-0.293043	-2.307335	-4.196833	-1.909657	-2.667667	-2.008778
1.142045	0.000684	5.041423	0.309551	0.176218	-0.375004
0.195752	-1.515699	3.486184	0.488234	-2.020883	-0.348091
-0.050580	-0.082215	3.825340	0.086927	1.077521	0.770718
-0.623611	0.295837	-1.371467	-0.675585	-1.949507	0.311154
-0.160556	-0.075144	0.218177	-0.614060	1.204865	1.477457
-1.305674	0.382547	1.948111	-0.391484	-1.171131	-2.592404
0.465660	1.525747	2.073139	-0.434247	2.585870	-2.456199
-1.627311	-1.520621	-6.506475	-2.254294	1.575875	0.490405
1.133290	-0.847455	3.325310	0.990441	1.426566	0.497749
-0.506369	3.132585	-1.458392	-2.743843	0.668362	-0.421142
-0.134764	1.412955	1.160935	-0.848852	0.955250	0.284917
0.863715	-2.755149	0.063199	-0.288063	0.055765	-0.620095

0.382387	14.712710	-12.535974	0.335938	0.996476	-3.550847

logsig

3.202901	6.116221	7.386374	1.544940
6.498392	-0.138899	-8.314539	-3.775914
4.459310	-11.204182	9.550136	0.914706
6.263457	4.335868	-5.147025	-0.112900
4.891697	3.123391	-4.559098	73.795596
3.645352	0.695415	8.262375	-2.989316

-6.956880	-9.834693	7.364087	5.651060

tansig

0.022598	-0.022598
-0.053645	0.053645
-0.427524	0.427524
6.941883	-6.941883

-6.504331	7.504331

purelin

