3

-0.117650	0.370842	0.167592	0.110868
1.431555	1.581313	2.040592	1.340373
0.157451	-0.211952	0.030559	-0.008578
-0.082933	-0.136028	-0.161347	-0.089544
-0.195892	0.036790	0.266961	-0.116203
0.027778	0.034231	0.369043	0.005905
0.157215	-0.204511	0.122220	-0.105344
0.167326	-0.226042	-0.072026	0.084509
-0.011978	0.002711	-0.029221	-0.017751
-1.071427	-1.273547	1.276774	-0.767577
-0.012382	0.025479	0.018778	-0.004431
0.175918	-0.013634	-0.418026	-0.006171
-0.101914	0.009911	0.491974	-0.081444
-0.024535	0.018698	-0.029591	0.023711
0.026473	-0.060001	0.016673	-0.002258
-0.069942	0.110729	0.032782	-0.002424
-0.001105	0.000290	0.011872	-0.006407
-0.993524	-0.598783	-1.681361	-0.939104
0.003464	0.108771	0.052890	-0.060167
-0.027065	-0.218695	0.290811	-0.090265
0.089679	-0.027484	0.063434	0.027548
0.061695	0.019277	-0.110559	0.051366
0.039250	0.191813	0.228962	0.029000
-0.021202	0.030578	-0.111932	-0.149809
-0.001099	-0.000605	0.007367	-0.004392
-1.065457	-0.273065	-2.990123	0.079794
0.092205	0.022078	-0.065488	0.040776
0.028237	-0.016419	0.006176	-0.012819
-0.076002	0.061149	0.008450	-0.018785
-0.000121	-0.000664	-0.009170	-0.002468
-1.387996	-0.616955	0.628048	-1.094468
-0.277587	-0.050746	-0.595913	0.122376
0.024936	0.005890	-0.046293	0.007951
0.116754	0.125386	0.359258	-0.034851
0.001570	-0.001374	0.001175	0.000469
0.019648	0.035734	-0.038546	-0.003332
-0.190438	0.063066	-0.200962	-0.019941
0.057551	-0.047441	-0.012350	0.041963
0.007606	-0.000364	0.000891	0.002001
-0.134234	0.172737	0.077139	-0.083763
0.102506	-1.102525	-0.558432	-0.365198
0.164889	-0.216429	0.364712	-0.231245
-0.069093	0.126880	-0.299157	0.101149
-0.035110	0.069988	-0.257473	0.196778
-0.005200	0.006570	-0.003088	0.002481
0.182205	-0.231585	0.239476	0.039373
-0.975622	-1.069410	-0.541885	-0.292458
-0.023030	0.000811	0.058443	0.013051
-0.001350	-0.007358	0.011660	-0.001059
-0.016296	-0.046670	-0.023746	-0.020206
0.606711	0.456016	1.040580	-0.223854
0.041634	-0.010254	-0.162653	0.050826
0.000974	0.001598	-0.012579	-0.001092
-0.087351	0.063755	-0.134945	0.060535
1.004628	0.607549	-0.928077	1.062312

-2.582565	-3.291428	-11.311323	25.646876

logsig

-10.584601	7.567449	-11.391610	10.940614
48.618846	8.026459	-13.530304	-55.639407
-0.248896	0.182299	10.760810	-10.397175
6.549355	25.979356	-2.562269	18.711390

-0.096628	1.473225	0.091528	-0.034545

tansig

0.414496
4.052285
0.417586
0.417852

-3.633945

purelin

