3

2.367903	-1.120763	-0.544031	-0.186605	0.043908	1.506419
0.305018	2.292924	-0.081284	0.377608	3.542492	-0.071364
0.174591	-1.995082	0.009965	-0.443463	-3.133106	-0.358858
-1.044456	0.238391	-0.245618	-0.572071	3.585538	4.338352
-1.984824	0.483826	0.678843	-0.444243	3.538744	5.138268
-0.293828	0.006419	2.279415	-0.316969	3.062136	-3.356835
-0.355193	0.061151	0.101750	-0.111811	0.443288	0.017591
-0.564837	-0.164772	-0.149238	-0.062302	-0.998861	0.044935
-1.297508	0.163321	-1.600359	0.790901	1.945915	1.882739
-0.527251	0.509648	0.104925	-0.011043	0.748212	-0.521413
0.036802	-0.207215	1.370150	0.092864	-3.867385	-4.061861
2.759576	-0.550543	1.425933	0.155083	-2.601188	-4.626988
-1.667601	0.664936	0.471767	0.605011	-1.316848	-1.058438
3.291792	-0.690039	-0.957368	0.479047	-0.662559	-3.249312
-2.428485	-1.683800	0.872095	-0.107221	-6.021732	-1.692739
3.014244	-0.610420	-0.199127	0.082678	2.862323	2.478391
0.199325	-0.020805	-0.336879	0.067952	0.268023	1.266790
-0.890350	0.144819	-0.860282	0.183850	0.468402	0.731218
-0.332437	0.098571	-0.199186	0.081973	-0.258317	-0.161444
0.517943	-0.029437	-0.050601	0.048059	0.386024	0.202661

3.879054	-4.127473	2.266691	-1.406051	2.043579	0.030558

logsig

-3.651449	-0.202444	-2.736484	-0.409768
-28.949406	-4.389300	-22.486058	-7.954121
1.829858	-5.602750	2.105523	48.759172
4.030383	-2.549301	4.938896	3.047419
-0.584419	5.782901	1.943511	0.915630
-1.768941	-7.473988	-1.827429	5.557968

3.797016	10.211369	-0.819344	-1.403093

tansig

-0.026400	0.510091	-0.483691
-0.005982	0.263896	-0.257914
0.495771	-0.507826	0.012055
-0.753908	0.926636	-0.172728

1.247972	-1.183371	0.935398

purelin

