3

0.026735	0.023874	-0.056460	0.049471
-0.025098	-0.292716	0.194866	0.180786
-0.018000	0.025713	0.029475	-0.050666
-0.009075	0.027880	0.011605	-0.033456
0.013812	0.016123	-0.029779	0.009097
0.007642	0.002981	-0.008536	0.002845
-0.012783	0.013274	0.032617	-0.049132
-0.016248	0.035623	0.024218	-0.046826
-0.001730	-0.000435	0.001651	0.001529
0.010489	0.128290	-0.027954	-0.241548
-0.004391	-0.008399	0.002370	0.020196
0.001641	-0.004291	-0.001182	-0.017871
-0.002542	0.009187	0.016225	-0.034449
0.000871	-0.000766	-0.001863	0.000058
-0.003697	0.000543	0.016538	0.012203
0.001848	-0.010170	-0.002245	0.034089
-0.000196	-0.000458	0.000803	-0.000534
-0.010572	0.059353	-0.106303	0.022721
-0.003023	-0.056106	0.004495	0.020586
0.000653	0.015374	0.000476	-0.023169
-0.002095	0.033749	0.000691	-0.013526
-0.001025	0.009346	-0.001600	-0.000354
0.005270	-0.064279	0.004929	0.030499
-0.000533	-0.053718	0.010508	-0.002175
-0.000210	-0.000803	0.000736	-0.000424
-0.026288	0.017412	0.072535	-0.181108
-0.013033	-0.002712	0.026766	0.010128
0.000784	-0.003945	-0.002027	0.001658
0.006111	-0.004563	-0.017891	0.017742
-0.000124	-0.000000	0.000356	-0.000602
-0.071903	-0.055272	0.127735	-0.082010
-0.004297	0.054842	-0.008690	0.010885
-0.001220	0.005289	0.002073	-0.000731
0.001835	-0.060447	0.006583	0.017036
-0.000087	-0.000007	0.000345	-0.000632
-0.020298	-0.007237	0.053785	-0.022800
0.011600	0.001704	-0.032560	0.035713
0.010275	-0.000260	-0.027220	0.010206
-0.000188	-0.000966	0.000205	-0.000055
-0.003035	-0.038059	-0.008615	0.049383
0.057863	0.141286	-0.206725	-0.131957
-0.011296	-0.014397	0.031962	-0.031468
0.008125	-0.013474	-0.021810	0.025897
0.007155	0.023073	-0.020794	0.013166
-0.000226	0.001316	-0.000115	0.000462
-0.013437	0.053795	0.029053	-0.053102
-0.030726	0.237809	-0.008007	-0.106952
0.004416	-0.001071	-0.006433	-0.000215
0.000209	0.000468	-0.000688	-0.000477
0.008232	0.009468	-0.014946	-0.018545
-0.017768	0.017792	0.000588	0.062140
0.005014	0.005775	-0.009201	-0.007695
0.000205	-0.000546	-0.000691	0.000402
-0.001788	-0.009165	0.001776	0.017217
0.047168	0.105382	-0.091112	0.010488

4.106731	0.821321	-7.324854	2.595714

logsig

-58.947735	-15.578326	1.867410	46.950289
-16.836894	-4.378426	-0.301538	-16.654279
-33.764956	-10.106675	1.333249	1.550213
-17.729687	30.528406	-21.828274	-13.133531

68.584615	20.103225	21.891105	-34.250728

tansig

-0.373729
-0.168638
-5.303622
0.377141

6.220522

purelin

