3

-0.633654	1.069541	-3.024216	-0.399050	0.054071	-0.220246
0.261098	0.282554	7.530557	11.931211	-0.244156	-2.933154
0.115315	-0.421734	-2.050695	-11.465568	0.534114	3.518578
0.235302	0.048307	2.833700	0.119683	2.675096	0.475227
0.324614	-0.116631	2.360135	0.483502	2.990427	0.377865
3.645375	-0.397246	2.715996	0.602017	-1.069681	-1.199419
-1.254353	-0.136975	-0.807962	0.353973	0.105652	0.512303
-0.290978	0.182550	-2.347140	-2.497148	-0.223665	0.002945
-0.480422	-0.674571	2.761089	-0.015050	1.078387	0.159636
-0.146506	-0.141137	2.243572	-0.035434	-0.011267	0.150047
-0.481342	-0.286048	-0.316135	-0.056192	-2.318871	0.304046
0.235880	0.573567	-5.673714	-0.822318	-2.906065	-1.055831
0.919507	-0.159045	-0.424363	-0.277109	0.864111	-0.413650
-1.171235	0.403240	10.009080	0.036655	-2.109738	0.119207
1.477092	-0.588830	-4.121032	-3.323301	-1.428354	-0.089194
-2.041130	-0.196136	-1.757402	0.529214	-0.594958	-0.960632
0.067743	0.009712	-1.767769	0.081244	0.592217	0.077076
-0.068394	-0.163687	-1.859996	0.238534	0.666574	0.271098
-0.183652	0.004328	-3.831224	-0.083674	-0.277267	0.345531
0.466039	-0.074703	-2.301837	0.473716	0.338823	-0.237643

1.941458	1.322967	8.937883	-3.890508	0.544224	-0.747362

logsig

-5.187041	1.807892	-1.745624	-18.845138
-6.875832	-5.168391	2.825028	29.423546
-1.177372	-0.180946	-0.627954	-7.711687
1.878980	-3.978079	1.242376	17.036184
2.339521	-0.082645	-0.082590	28.070769
-4.777523	-1.408399	-9.098810	-19.127957

12.134678	2.814138	-1.373441	-18.908641

tansig

0.058858	-0.268454	0.209596
0.453191	-0.223488	-0.229703
0.540183	-0.026487	-0.513697
-0.042745	-0.196479	0.239224

0.979289	0.250171	-0.229460

purelin

