3

0.160806	-0.871443	3.625271	1.938386	-0.533840	-1.061244
0.573539	-4.394679	5.370869	4.138411	0.952179	0.375793
-0.666944	4.980753	-4.936836	-5.255977	-1.453174	0.449423
-0.546027	0.353554	-0.552281	-1.485277	-0.222912	0.312840
-0.384823	0.432792	-0.457984	-1.768739	-0.053520	-0.247614
0.394964	-0.044670	-2.127157	0.051427	2.478865	4.790102
-0.305781	0.557723	-8.941181	-0.014825	-0.245232	-2.995461
0.016184	0.132065	2.929035	-0.010440	-0.179523	-0.115631
0.548796	0.095535	-2.345050	-0.245612	1.730696	-1.070124
-0.074780	0.196601	-2.456204	-0.399219	0.082216	0.349448
0.512790	0.364971	-0.779784	-0.094123	-0.841358	0.375780
0.040674	-0.905695	1.700159	3.011781	0.913129	-0.438046
-0.030459	0.380638	0.647511	-0.412063	1.551287	-0.945730
0.333199	0.550893	-8.932059	1.389108	-1.366833	1.153426
-0.116979	0.886935	7.754443	-1.842768	0.366741	-0.229525
0.241772	-0.704421	-3.128769	1.037905	0.541402	-1.910031
0.185275	-0.154775	0.780725	-0.100195	-0.171925	-0.022547
0.263941	0.042073	1.016277	-0.826840	-0.391799	-0.082332
-0.073797	-0.110629	0.392183	0.155604	0.141455	0.030952
0.262728	0.036418	-0.519559	-0.152218	-0.285174	-0.047888

-2.954561	0.497469	3.955674	-1.091812	-1.583028	4.380623

logsig

1.761283	-7.727514	-6.670220	-1.525420
3.531125	7.532154	-10.634426	-4.698894
0.701877	1.854330	-1.596967	-0.962811
1.120452	3.329793	-8.706599	-1.628171
0.928189	-2.427842	-0.830315	-1.249735
1.669524	4.410904	-6.830310	-2.292094

-4.359889	-11.483133	16.402217	5.527589

tansig

1.336777	-0.724353	-0.612423
-0.414922	0.436286	-0.021364
-0.129417	-0.187181	0.316598
0.944141	-0.503816	-0.440325

0.059997	0.463749	0.476254

purelin

