3

-0.007768	20.025612	-2.137737	0.375794	-2.412363	-2.950651
0.224302	0.310330	0.378725	0.188094	-2.614385	-5.857170
-0.167041	-1.786762	4.071199	-5.236463	-1.657076	-0.817058
-0.210868	0.185494	2.550515	3.978747	0.582772	2.458531
-0.425603	0.354373	-1.830825	1.734879	1.937745	9.352811
0.204373	0.613479	-1.208811	3.018298	2.225487	-2.342733
0.184557	-1.823608	-0.286149	-1.837122	-0.917336	-1.713715
-0.407976	-0.072107	0.967337	3.741405	-2.138140	4.258369
0.183243	0.711976	1.527880	-2.643050	2.349252	-2.551158
-0.295320	0.548151	0.034999	-1.531477	0.372743	2.972890
-0.730091	0.174567	0.203670	-0.705605	-0.294206	1.242074
0.490631	-0.266578	-0.990817	-0.911879	0.359682	-1.454681
-0.204637	2.016013	0.326733	0.482795	-0.437665	-1.910936
-0.059795	-1.848888	0.164001	0.396993	0.113130	0.199868
0.073016	-11.206568	0.282871	-0.181613	-0.125145	-1.390667
0.003036	-6.868489	0.097765	0.277087	-0.286935	-0.616898
0.320104	0.334821	-0.397147	0.223051	-1.226784	-6.705884
-0.066856	-0.578467	0.587925	-3.033559	-0.183809	-0.002786
0.623602	-0.177735	-1.659313	0.449204	-0.304285	-1.529970
0.042431	-0.005799	-0.503571	1.420908	0.042528	-0.349436
-0.540969	0.598031	0.220172	0.650281	0.040669	-0.419801

-1.360236	6.032441	1.087689	6.506938	0.414999	4.345027

logsig

1.006164	23.752259	-12.188459	4.661029
-0.154473	13.732155	-0.619166	2.905800
0.352671	12.269141	5.562390	13.727858
3.198292	8.003843	-0.899179	7.423549
0.556579	-11.974035	1.529668	-5.645907
-2.056122	5.543396	-1.686919	1.173686

3.429703	-31.181633	-0.630634	-9.849521

tansig

-0.361759	0.870494
0.369653	-0.369708
-0.071590	0.072393
0.087031	-0.087705

0.762455	-0.269804

purelin

