3

-0.070212	-0.150085	-0.264256	-0.683777	-0.280941
0.261255	-0.166889	-7.044464	1.213831	-0.486407
-0.040118	0.039201	0.348919	0.072067	0.108075
-0.073873	0.050538	-0.232346	0.231519	0.150203
0.077396	0.005495	-0.452411	0.038759	-0.034709
-0.042188	-0.044546	-0.021462	0.503810	-0.161514
-0.018556	0.060150	0.800936	-0.093881	0.149776
-0.073223	0.023409	-0.096565	0.240812	0.064698
0.010280	0.002057	0.047891	-0.047413	0.005032
-0.232895	0.301936	5.337134	0.677515	1.207145
0.037402	-0.010479	-0.288089	0.154185	-0.054353
-0.004851	0.021448	0.206355	-0.971047	0.069501
-0.001739	0.001230	-0.111813	0.343863	0.053836
-0.003820	-0.001394	-0.094363	0.174630	0.012394
-0.006321	-0.019594	-0.630205	0.391542	-0.055374
0.094425	-0.004008	0.069291	-0.081391	-0.052676
0.003519	-0.000262	0.010151	0.022305	-0.001259
1.055399	0.490549	-1.819527	-5.250947	0.796724
0.001174	-0.004855	0.653267	-0.066923	-0.077816
-0.030085	0.090984	-0.814743	0.212412	0.275746
0.062071	-0.019346	-0.458085	0.465142	-0.015004
-0.002688	-0.023048	-0.231553	0.194132	-0.043534
0.001341	-0.022367	0.308512	0.163897	-0.130519
0.003284	-0.000301	0.989374	-0.305836	-0.011863
0.006235	0.000343	0.045660	-0.012555	0.000046
0.201964	0.116642	5.398568	1.319473	0.502192
-0.081770	-0.081011	-0.834388	0.803913	-0.098772
0.000259	-0.000529	-0.155173	-0.095833	0.003060
0.061807	0.032385	0.347284	-0.395861	0.031703
0.000247	0.000551	0.016331	0.001536	0.001017
0.602333	0.304429	3.406206	-1.171484	0.695832
0.038743	0.031960	0.054295	-1.407686	0.101459
-0.025401	-0.012222	-0.081254	0.107191	-0.018001
-0.009481	-0.023185	0.001293	0.572351	-0.126654
-0.000247	0.000204	0.012030	0.004532	0.000947
-0.095210	0.073611	-0.146439	0.429340	0.154148
0.064932	-0.082226	-0.389151	0.234489	-0.163848
0.041038	-0.013986	0.284301	-0.272960	-0.039158
0.001117	0.000389	0.019195	0.047972	0.006046
0.063762	-0.037290	-0.530378	0.149349	-0.115114
0.241384	0.500061	4.473894	-5.833657	0.690975
-0.125381	0.046754	-0.105510	-0.761716	0.135746
0.138199	-0.028432	0.125374	0.239538	-0.104979
0.062421	-0.006693	0.556848	0.405115	-0.021047
-0.005276	0.000901	-0.036928	0.012953	0.003570
-0.020542	0.053945	-0.190194	0.207145	0.154404
-0.002886	0.005430	6.758461	-0.117075	0.338953
0.009150	-0.004760	-0.439784	-0.050404	-0.005342
-0.002760	-0.000670	-0.014721	0.018571	0.000450
-0.026033	0.042854	0.286604	-0.311512	0.083134
-0.164519	0.095976	-2.776391	-0.165890	-0.076290
0.005766	0.005744	0.405842	0.098892	0.008119
0.000572	0.000273	0.019573	-0.008949	-0.000384
0.001103	0.007215	0.306443	-0.405630	-0.009873
-0.065829	-0.086544	-0.370717	-2.015163	-0.234417

-3.105225	-1.697712	0.387087	-0.810107	-7.615986

logsig

-2.671842	0.789617	1.120128	0.024317
-0.930910	-18.279721	4.470298	0.394858
0.278866	3.117236	-0.435888	-2.755441
1.805887	-1.025339	-5.607999	19.976441
-2.174808	10.275525	-4.937432	5.453683

6.487092	5.327116	0.448196	-2.478008

tansig

2.470290
-0.004776
0.510837
0.506270

-2.450511

purelin

