3

-0.607484	-0.300413	0.107558	0.272917
0.131853	1.332909	1.911252	1.951779
0.432425	-0.000160	-0.242515	-0.361605
-0.932937	-0.114287	1.058096	0.837622
0.127348	0.111370	-0.337232	0.174840
0.149525	0.322877	-0.231086	-0.347309
0.306796	-0.239618	-0.052129	-0.053961
0.579004	0.240907	-0.421192	-0.671685
0.079222	-0.007660	-0.121411	0.032839
-0.637098	-1.138861	0.069907	0.666588
0.483645	0.128884	-0.036371	-0.083291
-0.858341	-0.374348	-0.647597	-0.346780
-0.928957	-0.061793	0.102722	0.087421
0.004908	0.031792	0.070749	0.016364
0.529447	0.257317	-0.344112	-0.287130
0.426442	-0.006522	0.269436	0.126847
0.008073	0.002095	0.001547	0.000095
-1.045089	-2.033875	0.113425	2.638732
0.229715	-0.033576	0.102882	-0.032474
-0.407606	0.057338	-0.154774	0.136110
0.144140	-0.042322	-0.164522	-0.069256
-0.085624	-0.004910	0.002393	-0.113473
0.499965	0.012768	0.390149	0.038745
-0.046357	-0.090071	-0.178367	-0.098666
0.013202	-0.003851	0.002756	0.013972
1.537145	0.100994	0.767616	1.959820
0.082244	0.258249	0.023524	-0.258029
0.014675	-0.025005	0.008433	0.059558
0.286508	-0.111213	0.306961	0.254426
-0.008423	0.000047	-0.000558	-0.001625
-1.577982	-0.581263	-2.978733	0.259003
-0.782630	0.106767	-0.193875	0.169249
0.037995	0.022483	0.157629	-0.026173
0.667108	-0.052820	0.263661	-0.097299
-0.010877	-0.002586	-0.001021	-0.002361
0.069313	0.010250	-0.215306	-0.784311
-0.215268	0.121914	0.064303	0.404166
-0.123375	-0.026414	0.302610	0.597269
-0.009676	-0.001230	0.008784	0.012633
-0.042329	0.023198	0.082957	0.377820
-0.274416	-2.446578	-1.434216	0.830175
0.803548	-0.138444	0.377726	-0.284124
-0.610449	0.027910	-0.349621	0.146558
-0.427197	0.151240	-0.064553	0.174969
-0.008409	0.004719	0.002536	-0.013255
0.351403	-0.149780	0.117025	0.050529
0.421940	-1.409038	2.761283	0.407800
0.281135	0.029745	0.039940	0.008372
-0.014292	-0.003284	0.009995	0.006560
-0.144382	-0.109250	0.036615	0.126104
0.125446	0.409814	-0.398195	-0.863242
0.056813	0.123854	0.052676	-0.071509
-0.005271	-0.003770	-0.002191	0.003143
-0.177247	0.073393	0.132477	0.137149
0.330379	1.039451	-0.070467	-0.597931

-6.800236	-0.154586	-6.654625	-8.373525

logsig

-3.411568	3.540035	1.482328	7.321234
4.112844	-4.136257	-5.692388	7.031540
-1.238902	1.615246	-2.289223	-9.234682
2.257513	-2.347926	-2.068313	8.915535

0.614838	-0.646144	-4.095428	4.257818

tansig

0.585765
0.584622
0.026950
-0.446896

0.470201

purelin

