3

-0.059559	0.359510	-0.291205	0.098680
-0.323714	0.003032	-3.949342	0.581320
-3.475561	-0.703249	0.401627	4.037260
0.014150	-0.119600	-0.449952	-0.035448
-0.031878	-0.007181	-0.244501	0.001437
-0.071536	0.017565	0.035288	0.033965
1.147842	0.044350	0.036317	-1.335348
1.803785	0.158536	-0.218259	-2.066411
0.005623	0.003866	0.039290	0.003563
-0.203162	-0.491638	1.682725	0.444956
0.240023	0.073037	0.128779	-0.269971
-0.097432	-0.080246	-0.190646	0.092644
0.033312	-0.014024	-0.480926	-0.064230
0.025073	-0.020207	-0.335459	-0.032871
-0.060035	0.091295	0.228759	0.077019
0.531646	0.064819	0.012938	-0.612844
0.000285	0.000714	-0.025704	-0.000193
-0.055301	-0.339907	-3.781533	0.029174
0.009417	0.024229	-0.188328	-0.022029
0.073806	0.020974	0.233878	-0.039213
-0.043414	-0.053169	0.077129	0.016852
-0.003907	-0.010739	-0.054638	-0.012646
0.040147	-0.020093	-0.403779	-0.079350
-0.031543	0.056251	0.016450	0.038353
-0.000668	-0.000161	-0.014694	0.000756
0.402709	-0.736701	1.752548	-0.184124
0.018457	0.008590	-0.289553	-0.040954
-0.002211	0.006255	-0.281145	-0.010742
-0.020391	0.030377	0.010699	0.047218
0.000219	-0.000352	0.000145	-0.000073
-0.350602	0.038352	0.927105	0.532160
-0.006468	-0.004307	1.118612	-0.041477
0.012922	0.008520	-0.130401	-0.019604
-0.032572	0.043289	-0.440149	0.078587
0.000143	-0.001096	-0.010326	-0.000456
0.041003	-0.149384	-1.706328	-0.130265
-0.048950	0.080646	1.584679	0.156673
-0.005154	0.066738	0.659768	0.031461
-0.000257	-0.000699	-0.002129	-0.001291
0.627377	-0.018305	0.022356	-0.720034
0.595862	-0.323592	-0.404251	-0.862339
-0.001536	-0.136129	0.100727	0.025542
-0.032702	0.086409	0.156093	0.036126
0.008567	0.091838	-0.002454	-0.013883
0.002812	0.003363	-0.002831	-0.000088
-0.027479	0.024519	0.210867	0.038165
0.094351	0.333318	2.525825	-0.177242
-0.044835	-0.003059	0.470348	0.058420
-0.000861	0.002237	0.026514	0.002989
-0.029726	-0.002437	0.201300	0.051600
-0.353533	0.035425	2.948371	0.624861
-0.001157	-0.017853	-0.099239	0.001717
-0.000569	0.000407	-0.006161	-0.000507
0.006690	-0.010294	0.452412	-0.026176
0.207539	-0.065501	0.234291	-0.318615

3.275268	-1.836374	7.042125	-6.547192

logsig

10.366035	9.477177	-6.662848	13.374996
5.447344	-8.944401	10.708853	-19.460668
-0.896365	-0.796796	-2.821346	7.431720
13.542080	12.368914	-8.661348	0.484432

-8.928700	-7.791034	5.195088	4.168066

tansig

0.350954
-0.600760
-0.159348
0.440746

-0.350496

purelin

