3

0.914711	0.743795	0.171381	-0.153502
0.601846	-0.700035	-0.320553	-0.923570
2.404859	0.641232	-2.463310	-5.470886
-0.443863	-0.189935	0.002245	0.230494
-0.224641	0.125661	-0.006526	-0.018793
-0.174040	0.278844	0.034932	-0.060073
-1.173726	-0.772274	0.644196	1.706535
-1.327525	-0.482159	1.220217	2.747769
0.046525	-0.023598	-0.006142	-0.014667
0.052047	0.625588	0.917092	-1.116612
0.039971	-0.078806	0.081804	0.288775
-0.385366	0.041630	0.124607	0.048085
-0.044620	-0.043760	0.001121	-0.015577
-0.115878	-0.092493	-0.034654	0.011206
0.770510	0.414159	-0.021531	-0.194645
-0.692029	-0.567004	0.176768	0.766087
0.007064	-0.001583	-0.000047	-0.010307
1.934287	-0.126054	-0.259961	-1.220332
0.212972	0.062035	0.003826	-0.056122
-0.229095	-0.016666	0.081884	0.053087
0.135201	-0.029994	-0.011393	0.061914
0.052043	0.030541	-0.001731	0.029867
-0.142267	-0.122264	0.066189	0.025864
0.585388	0.260033	-0.054237	-0.150803
-0.002498	-0.001570	-0.000529	-0.001783
0.716037	0.614241	0.131784	-0.346988
-0.031742	-0.068212	0.025693	0.036530
0.006702	-0.049439	-0.020838	0.003308
-0.138209	0.059982	-0.003941	0.065351
-0.001526	-0.001812	-0.000362	-0.002757
-0.182235	-0.446307	0.096982	0.164659
0.105479	0.098766	0.010973	-0.162003
-0.019958	-0.034725	-0.013791	0.027136
-0.130058	-0.028269	-0.023388	0.079730
0.001624	0.001011	0.000457	0.002310
-0.249459	-0.681899	-0.246072	0.154304
0.010852	0.463989	0.237464	-0.144103
0.289221	0.294059	0.037430	-0.021214
-0.003462	-0.003071	-0.001860	0.002563
-0.484984	-0.204350	0.466124	0.941464
0.338687	-1.081103	-0.237823	0.899895
0.087433	-0.062410	-0.055666	-0.089937
-0.368939	-0.201293	-0.026370	0.035316
-0.017567	0.024556	0.031695	0.052698
0.005216	-0.003886	-0.002070	-0.000751
0.185356	0.161612	0.034145	-0.036149
0.883485	0.809128	0.338823	0.920964
0.028800	0.011099	-0.035395	-0.003479
0.007781	0.002065	0.000073	-0.004158
-0.218128	0.079756	-0.005287	0.022478
-0.479439	-0.668720	-0.256837	0.826067
0.042059	0.151302	0.027607	0.026910
0.006123	0.013188	0.005149	-0.001341
-0.005052	0.083488	0.010573	-0.027718
1.419738	0.932820	0.225863	0.211874

-3.004922	0.731802	0.471568	11.796685

logsig

4.471171	-1.073306	1.963454	1.269651
5.524460	-0.311603	-0.879609	-0.896777
-13.310865	-0.440654	0.331430	0.038740
14.197005	0.707023	-0.153789	2.746845

-6.464470	-0.328722	0.308625	1.392198

tansig

0.507600
-0.304396
-0.386927
0.895909

-0.279354

purelin

