3

0.001787	-0.408891	-0.023259	-0.382503	-0.269028
-0.950718	-0.851142	0.041631	-1.226104	0.036675
0.024619	0.215625	-0.010611	0.118665	0.072590
-0.156431	-0.069450	-0.039207	-0.032506	0.033794
-0.048424	-0.002298	0.039492	0.179844	0.038977
0.020136	0.190050	0.067505	0.299687	0.010915
0.059465	0.177752	-0.043386	-0.038923	0.069448
-0.023343	0.269860	0.007016	0.263346	0.077295
0.006721	-0.007989	-0.001310	-0.010649	0.008700
1.025106	0.945904	-0.685591	-0.981298	-0.741776
-0.028482	-0.078557	0.031252	0.021336	0.024288
-0.058854	0.114418	-0.046850	-0.034610	0.040442
-0.023707	0.148370	-0.009878	0.027711	0.085915
-0.011652	-0.033382	0.001640	0.016215	0.018590
-0.056995	-0.013474	0.046630	0.090981	0.048766
-0.012373	-0.144598	0.006488	-0.046048	-0.001944
0.003256	0.001065	0.000745	0.002123	0.002773
-0.797977	-1.979610	-0.145293	-0.772840	0.330180
0.134169	-0.039000	0.030366	-0.012133	-0.024170
-0.198656	0.340413	-0.053359	0.121044	0.105362
-0.093794	0.021925	-0.011956	-0.028098	0.109066
-0.028532	-0.081988	0.005618	-0.031444	0.017235
0.136096	0.006177	0.053598	0.060533	-0.028813
0.130070	-0.083738	0.008103	-0.091269	-0.013216
0.006085	-0.002092	-0.000301	-0.002831	0.002717
0.724865	0.001661	-0.071672	-0.209920	0.268558
0.005081	-0.133023	0.026270	-0.016823	-0.138952
-0.022269	-0.035647	0.000084	0.002123	0.007771
-0.008449	-0.027609	-0.007793	-0.000974	0.046362
0.002011	0.001375	0.000179	0.000208	0.001576
0.096704	-0.170085	-0.136314	-1.042963	0.690826
-0.084123	-0.098239	-0.063882	-0.297470	-0.069054
0.008974	0.048148	0.008114	0.012147	-0.003176
0.095829	0.037654	0.059377	0.156975	0.017444
0.001181	0.003797	0.000068	-0.001839	0.001565
-0.128626	0.438630	0.003364	0.234223	0.164122
0.045752	-0.399925	0.013512	-0.273980	-0.075682
0.103010	-0.206087	0.006138	-0.020936	-0.089655
0.004083	-0.004242	-0.001450	0.001060	-0.002811
-0.040040	-0.277806	0.041615	-0.172269	-0.035551
0.053315	-0.771238	-0.204128	0.553833	-0.111334
-0.119699	0.436802	-0.027012	0.032614	0.145877
0.132861	-0.313252	0.028682	-0.033915	-0.048587
0.101323	-0.111644	-0.003891	-0.000000	-0.083297
-0.010724	0.004133	-0.002659	0.002173	-0.001918
-0.072189	0.263787	-0.043341	0.058378	0.080329
1.351268	-0.103519	-0.145366	0.339795	-0.134428
-0.068003	0.042079	-0.000213	-0.023129	-0.024811
0.000362	-0.005476	0.000039	0.000510	-0.001445
0.005129	0.110287	-0.020786	0.050035	0.047280
-0.454084	0.145762	0.006960	-0.433582	0.019928
0.114537	-0.110683	-0.005620	-0.002621	-0.076706
0.003063	-0.009705	-0.000583	-0.005159	-0.001198
0.051441	-0.040161	-0.001041	-0.090747	-0.042578
0.287424	-0.611844	-0.116447	0.058137	-0.654458

4.106676	-9.220571	-0.571991	4.124728	-19.382775

logsig

0.887718	35.949703	27.751244	-0.896788
49.855673	-58.357787	-59.205474	-8.606947
3.160090	-63.784708	-56.137375	-1.131074
-11.742307	-40.323296	-0.112165	6.409561
5.264814	87.183229	77.156702	-3.122899

-13.019789	-79.745769	-66.886177	-1.234590

tansig

-0.001927
-0.380234
0.377998
-0.016962

-0.015587

purelin

