3

-1.218303	-3.849144	0.328574	14.101136	-0.926433	-15.849917
0.459840	42.685007	0.039900	0.723353	0.336035	5.795922
-0.215402	28.472698	-0.087364	0.456057	0.052111	-12.762153
0.323203	3.840169	-1.103745	0.110000	0.461457	-9.166159
-1.094344	-44.283862	0.177801	-1.301264	-1.115502	3.868558
0.606217	-24.365298	-0.125398	-0.031489	0.500266	2.349578
0.500686	13.686425	0.234714	-0.618943	0.441844	10.596902
-1.546809	22.911792	0.191064	-0.247075	-1.196471	-18.084328
1.438709	-8.149077	-0.256364	0.921591	1.045434	17.930886
-0.356324	-5.237727	0.363035	0.036776	-0.438175	0.563239
-0.374983	-4.353017	0.273010	-0.134007	-0.578799	3.279404
0.321103	-6.630574	-0.063887	0.256813	0.342288	-4.899598
0.205416	-5.533679	0.036177	-0.063851	0.496306	0.089953
-0.505420	-18.185102	0.013716	-1.485141	-0.245364	3.943662
-0.273366	5.155523	0.082516	-7.435292	-0.250432	3.322221
-0.363373	6.919829	0.041047	-6.141773	-0.058633	-0.144958
-0.086582	-2.078253	-0.077004	0.153802	0.030131	6.220584
-0.524862	6.619681	0.370831	-0.460688	-0.583815	-5.236202
0.266384	-14.256287	-0.119209	0.142526	0.446040	0.463689
0.379327	100.178495	-0.017247	0.229070	0.242830	-1.746401
-0.373898	3.798926	0.205647	-0.068199	-0.539027	-1.748004

-1.265994	-31.205777	-2.638820	4.269134	-1.573595	5.710016

logsig

-3.843783	-14.621960	-0.616117	15.535307
0.091116	-4.677125	-1.191885	-2.200115
52.118900	20.200450	25.386877	39.560291
-21.999090	6.021950	9.666261	-10.523641
42.366229	21.301456	30.733535	-10.585115
-0.321286	2.619609	-8.564329	-1.633092

15.311272	-4.258041	-6.699856	6.906481

tansig

0.390939	-0.390939
0.048246	-0.048246
-0.060266	0.060266
-0.434640	0.434640

0.115283	0.884717

purelin

