3

-0.022117	0.007879	-0.019455	0.079412	0.087466
0.415782	-0.106670	-0.007066	0.108640	0.302882
-0.024849	-0.011176	-0.006297	-0.030141	-0.045681
0.073713	-0.018708	-0.010863	-0.019276	-0.021901
0.055163	0.018915	0.016252	-0.007039	-0.010414
-0.011493	0.042694	0.031589	0.010756	-0.027039
-0.068335	-0.029883	-0.015254	-0.036175	-0.055709
0.006635	0.013973	0.016005	-0.023869	-0.051912
-0.004918	-0.002592	-0.000892	-0.002833	0.002371
-0.916687	-0.149978	-0.195784	0.048871	-0.077999
0.031933	0.000350	0.012245	0.002429	0.015969
0.018647	-0.016855	-0.012940	-0.014743	-0.030508
0.003898	-0.008334	-0.002483	-0.014682	-0.017748
0.009834	-0.001192	-0.000471	-0.001359	0.001665
0.070893	0.013455	0.017307	-0.003105	0.011913
-0.000732	-0.000875	-0.001235	0.014689	0.021808
-0.001713	-0.000013	0.000327	-0.000570	0.000273
0.645039	-0.219280	-0.085299	-0.216915	0.254347
-0.089567	0.019319	0.011437	0.004517	0.025746
0.130941	-0.032282	-0.008482	-0.031138	-0.038092
0.053448	-0.013468	-0.003503	-0.020113	-0.015597
0.026490	0.002333	0.001535	-0.002091	0.006275
-0.073844	0.030207	0.014304	0.028394	0.034801
-0.105348	-0.003649	-0.004062	-0.001178	0.016567
-0.005806	-0.000366	-0.000178	-0.000396	0.000584
-0.525512	-0.079396	-0.029783	-0.092476	0.011106
0.095528	0.008287	0.009341	-0.000763	0.050725
0.012199	-0.000651	0.000053	-0.002304	0.002158
-0.041271	-0.003119	-0.005385	0.006982	-0.018770
-0.001833	-0.000159	0.000027	-0.000426	0.000167
-0.246251	-0.203941	-0.106409	-0.104212	0.011165
0.033678	-0.035610	-0.029527	0.015928	0.001627
0.007545	0.001410	0.002030	-0.000272	-0.000797
-0.048694	0.032887	0.023564	0.006831	0.017191
-0.000556	-0.000307	-0.000137	-0.000201	-0.000507
0.114533	-0.005189	0.010559	-0.022139	-0.062029
-0.021242	-0.010633	-0.009843	0.020131	0.057568
-0.077630	0.018527	0.003106	0.004098	0.033596
-0.001853	-0.000240	-0.000297	-0.000370	0.000362
0.063764	-0.004214	0.003304	0.013862	0.065337
-0.168349	0.041059	-0.041481	-0.174702	-0.119011
0.065186	-0.023572	-0.005070	-0.052843	-0.038428
-0.072231	0.016972	0.005883	0.028098	0.043560
-0.066517	0.006804	-0.001831	0.022845	-0.001195
0.007248	-0.001290	-0.000872	-0.000569	-0.003629
0.033049	-0.025988	-0.015715	-0.033978	-0.067055
-0.797242	0.081030	-0.012747	-0.035410	-0.031326
0.045383	0.000593	-0.000088	0.003918	-0.000961
-0.000452	0.000243	0.000015	0.000372	-0.000148
-0.038856	-0.003358	-0.006521	0.001687	-0.041872
0.373898	-0.067828	-0.031206	-0.041417	0.017614
-0.061419	0.005148	-0.001853	0.009225	0.004284
-0.001121	-0.000305	-0.000412	0.000168	0.000063
-0.038785	0.003327	-0.001957	0.013996	0.015795
-0.186547	0.125673	0.006750	0.120948	0.004833

-2.722181	3.679886	0.321541	5.267316	0.380809

logsig

18.791953	-2.764848	-1.355822	0.033109
57.783931	3.256501	-6.243158	-0.434145
-67.312437	-5.818893	9.184955	-3.670459
-35.661088	-1.134836	-1.740094	0.468411
26.502147	-1.934297	-1.523478	2.033142

5.108998	6.420469	2.404783	0.248927

tansig

0.279987
0.192250
0.488280
0.213560

-0.190386

purelin

