3

2.929200	-1.101810	-1.391248	4.024565	-2.269049	-2.709908
-1.907773	-3.777648	-0.799205	-6.629920	1.974986	-1.389870
2.296067	1.043584	-0.743301	-5.483020	2.251516	-2.312653
-6.839194	-1.151610	-0.876064	-0.824741	1.352110	0.192014
-2.243747	0.459113	-0.122108	6.436183	-4.199070	2.207405
1.841204	1.984946	1.508257	3.000098	0.476627	1.439157
3.315849	-0.536692	-1.428793	-2.071145	-1.165980	0.605724
4.321475	-0.623207	-1.092163	-3.153911	2.265785	-0.665921
-4.419820	0.138675	1.765205	1.571288	0.140008	-2.347438
5.344979	2.061949	0.166729	1.715195	-0.550016	-0.354280
-3.563786	1.539483	0.669674	-1.769522	0.338204	0.312750
-0.850728	-1.418844	0.107319	0.478574	-1.405198	0.372568
-3.809017	0.145001	0.201651	-1.398877	0.071836	1.282505
3.849640	-0.654033	-0.349522	-1.751657	-0.359600	1.815382
0.861659	-1.435159	1.241409	-3.541096	1.407638	-0.770735
-1.197326	-1.017831	1.051478	0.949172	0.656444	-1.547606
-1.467703	0.487906	-0.040719	0.749871	1.514496	-0.007383
-0.663327	1.308744	-0.218734	-1.135051	0.383480	0.701778
1.692959	0.180020	0.439425	0.243358	1.698110	0.493856
-1.615862	0.939062	-0.087720	1.935475	-0.113087	-0.263175
-2.139378	1.139652	0.636096	-0.683369	-0.024765	-0.442343

2.734930	1.964764	-1.934834	12.121119	1.082874	-3.775478

logsig

-4.612653	1.245264	0.656265	-2.625668
-10.014006	-1.752573	-5.442184	1.672993
-17.548098	-1.968677	-3.662068	-5.690659
14.076321	3.471643	-1.935247	-2.659770
16.160012	4.491484	4.997230	-6.463472
-20.569189	-0.571125	-6.192526	-1.144219

-8.992429	-6.774479	10.148327	0.420372

tansig

0.323222	-0.323222
0.146291	-0.146291
0.014453	-0.014453
2.522883	-2.522883

3.010752	-2.010752

purelin

