3

-3.532283	-0.092096	0.466566	-14.743037	-2.998526	2.557757
1.044757	-0.606663	-1.896868	-6.480434	-0.779749	4.553414
0.827482	-0.592952	-2.634338	-5.771004	-1.009095	-4.249672
0.071550	1.242123	-1.013393	8.507211	-0.569814	-5.801807
0.502140	0.881602	1.928640	-12.504359	1.004199	-2.113913
-2.998364	0.210765	1.940495	31.178545	1.137768	1.601739
0.473266	-0.460750	-1.158627	-14.367588	2.290104	4.625256
-0.448397	-0.203428	0.020112	13.023664	-2.264270	-6.958990
-0.365069	-0.035535	-1.685594	-1.713309	-2.320640	5.089223
-0.513486	0.043495	1.927173	-8.739069	-0.869266	2.864228
-0.916684	-0.781597	-0.042743	8.117538	0.566086	3.645157
0.665017	-0.157693	-0.214514	-13.088061	0.282731	-2.316458
0.597479	-0.315068	-0.104793	19.845964	0.040430	-0.464004
0.115167	-0.444996	-0.456045	19.830192	3.529520	4.086610
0.264088	0.266460	0.242973	-5.500552	-2.160988	-0.771971
0.931660	0.334921	0.493594	-2.659164	-3.760231	-2.673899
0.218932	0.438147	-1.131856	13.432665	-0.330639	-5.675695
1.145633	-0.565471	0.232075	-13.163045	-0.251845	-2.910271
1.537059	-0.107650	0.733052	19.799294	-0.011924	4.488920
0.252449	0.053118	0.460545	7.706616	-0.064859	1.423150
-0.987759	-0.386798	-0.441040	-14.603133	-0.616154	-2.054971

7.515924	1.316189	-0.277832	7.057110	-5.853373	5.088029

logsig

-0.651823	-9.411420	2.388994	-7.825637
3.774053	-7.234716	-7.177418	8.004966
-1.450035	5.113532	4.553104	-6.956167
11.356598	-2.156481	3.258825	1.595257
9.889968	6.217945	7.156858	-1.570268
-1.703805	-3.121653	-4.600412	-5.744390

-0.755786	14.703010	-2.155913	8.215580

tansig

-0.062904	0.062904
-0.449598	0.449598
0.071517	-0.071517
0.061064	-0.061064

0.558623	0.441377

purelin

