3

0.181746	-0.017035	0.018393	0.018114	0.049704
0.109792	-0.512379	-0.109996	-0.119876	-0.213334
-1.682927	-14.595255	9.370543	4.071607	-22.942724
-0.037231	0.061832	-0.018202	0.080976	0.075840
-0.008272	0.001332	0.060661	0.036977	-0.022502
0.004553	0.001429	0.064483	-0.021109	-0.030751
0.452545	4.733676	-3.064493	-1.329055	7.368013
0.756428	7.362028	-4.690763	-2.006671	11.452458
0.001413	-0.000621	-0.006184	-0.001904	-0.000572
-0.321043	-0.215984	0.129465	-0.132430	0.214246
0.105148	0.866167	-0.593450	-0.334666	1.410348
-0.041830	-0.023038	-0.006216	0.013272	-0.043491
-0.029510	0.024022	0.029359	0.029344	0.010843
-0.000609	0.013342	0.004918	0.017301	0.018280
0.003769	-0.361255	0.207362	0.023206	-0.477960
0.194377	2.089445	-1.394126	-0.696011	3.322943
0.000055	-0.001841	0.000753	0.000127	-0.002217
-0.223104	0.031454	0.051071	0.261142	0.057863
0.021111	-0.056693	0.034550	0.014829	-0.077616
-0.065293	-0.008243	-0.018624	-0.062664	-0.026976
-0.002828	0.013935	0.014881	0.013337	0.020852
0.008567	0.002986	0.005174	0.007646	0.008331
0.029744	0.065977	-0.053332	0.003483	0.072426
0.024078	-0.186606	0.110234	0.034533	-0.232988
-0.000180	0.000145	0.000243	0.000636	-0.000121
-0.383232	-0.096343	-0.103949	-0.131516	-0.114433
0.010446	0.014269	-0.016661	-0.003644	0.028985
0.006215	0.000049	0.000921	-0.002958	0.002227
-0.008093	-0.038451	0.028621	-0.019588	-0.031947
-0.000950	0.000017	0.000017	-0.000190	-0.000335
0.107547	0.047754	-0.045332	0.165574	0.112569
0.071342	0.048211	-0.017850	0.073279	0.045107
-0.001724	-0.005913	0.005596	-0.001546	-0.006090
-0.031950	-0.039713	0.019250	-0.032069	-0.031395
-0.000277	0.000172	0.000129	0.000186	0.000383
-0.071208	-0.082475	-0.023755	-0.119403	-0.096439
0.042774	0.014949	-0.003563	0.023696	0.042208
0.037363	0.055463	0.018297	0.111788	0.045976
-0.000617	0.005302	0.000332	0.004632	0.004169
0.253543	2.645557	-1.675757	-0.633923	4.050888
-0.086366	0.537564	0.011668	0.596752	0.551704
-0.041192	0.012494	-0.013994	-0.011721	-0.030831
0.037699	0.000239	-0.000371	0.018647	0.026654
0.018355	-0.002647	0.010247	0.017774	0.012472
-0.000864	-0.000061	0.000601	0.000315	-0.000060
-0.006435	-0.180104	0.102164	-0.004962	-0.250563
0.245549	0.107517	-0.057369	0.219361	0.106414
0.004492	0.010106	0.005491	0.024419	-0.005910
0.000193	0.000009	0.000925	0.001323	0.001134
-0.011058	-0.007667	0.008101	-0.003071	-0.003400
0.080389	0.124328	-0.054086	0.094591	0.009160
-0.005178	0.005806	-0.000767	-0.008631	0.000497
0.000374	-0.000167	-0.000115	-0.000101	-0.000582
0.011930	-0.001716	0.000568	0.026510	-0.004844
-0.076758	0.090014	0.085563	0.037105	0.141414

2.238503	4.635408	1.597972	3.258381	6.393788

logsig

-6.560540	-7.139973	28.132817	2.921561
-7.762917	-1.094993	-30.094134	-34.131610
-3.038072	-5.683676	-16.241395	-4.062594
7.768429	2.067972	36.832637	4.521615
2.855717	-0.333101	-10.027915	27.904831

-0.319190	5.315685	17.675479	6.167356

tansig

0.185347
0.288730
-0.151083
0.254716

0.359008

purelin

