3

0.106993	0.122480	-0.220651	-0.105581
-0.529203	0.179638	0.312769	0.320960
10.560948	2.312176	-8.460701	-1.432005
0.021217	-0.024605	-0.055241	0.008333
-0.038208	-0.002879	0.118662	0.021194
0.015082	0.010359	0.045777	-0.000253
-3.383754	-0.840592	2.843080	0.419780
-5.158668	-1.247306	4.306937	0.677288
-0.001919	-0.003563	-0.003314	-0.007154
0.167293	-0.231352	-1.202290	-0.194713
-0.744134	-0.127404	0.563481	0.125694
0.017605	-0.030280	0.062773	-0.032188
0.013337	0.005890	0.022038	0.025725
-0.008134	0.001039	-0.011174	0.016278
0.112814	0.095590	-0.143546	0.024540
-1.602036	-0.361334	1.289863	0.212376
-0.000232	-0.000077	0.001896	-0.000347
-0.336905	-0.080438	0.439357	0.037840
0.025491	0.026375	-0.059446	0.011934
-0.026857	-0.026909	0.115713	0.002105
0.002018	-0.009352	-0.011094	-0.002373
0.015421	-0.003194	-0.023291	-0.007325
0.000140	0.001894	-0.019872	0.011274
0.044902	0.058391	-0.097296	0.020116
-0.000196	-0.000186	0.000983	-0.000025
-0.133770	-0.200363	0.426491	-0.128412
-0.003194	0.008859	-0.008092	0.009093
0.004188	0.001829	-0.014254	-0.001203
0.008554	0.003376	-0.047806	-0.003552
-0.000051	-0.000564	0.002139	-0.000577
-0.119466	-0.001430	-0.018935	-0.034642
0.006128	-0.005977	-0.047930	-0.013001
-0.003995	0.004401	-0.002101	0.006713
0.005768	0.018506	-0.038049	0.011308
0.000348	-0.000517	-0.001194	-0.000602
-0.025028	-0.040826	0.131804	0.035271
0.014699	0.020494	-0.119554	-0.032541
0.024828	0.011355	-0.052094	-0.022963
-0.001671	-0.000059	-0.008966	0.003153
-1.779662	-0.473103	1.558514	0.209527
0.219211	-0.162658	-0.229042	-0.014955
0.055879	-0.047546	0.131949	-0.080480
-0.006052	0.021490	-0.135294	0.026542
-0.021289	0.020825	-0.046475	0.035948
0.000030	0.000035	-0.003143	0.000105
0.063214	0.040326	-0.055803	0.011355
-0.085595	0.059551	0.096632	0.118905
-0.010699	0.007025	0.048408	0.010003
-0.000383	0.000382	-0.008677	0.000684
0.021630	-0.010338	-0.040533	-0.026661
0.205158	0.056463	-0.130251	0.022165
-0.011910	0.000564	0.027674	0.000433
-0.000634	0.000678	-0.001653	0.000772
0.007549	-0.012565	-0.010439	-0.022570
0.107637	-0.065664	-0.226430	-0.103193

0.103703	4.930083	-17.094013	6.316227

logsig

-7.210009	-9.625527	18.480358	0.779790
8.821762	-3.091939	-14.795209	2.194319
29.418723	-4.551756	-2.101662	-2.051477
-4.672383	-7.128829	12.359840	-0.203344

6.794235	9.276585	3.152229	-2.946063

tansig

0.410094
-0.413423
-0.401263
0.204942

0.603274

purelin

